16 55
-382 637 -986 -959 235 929 451 836 -892 596 -926 174 136 51 -637 665 -85 -192 -217 -246 -800 -784 653 658 454 -814 -663 34 905 429 -93 302 -684 -96 112 863 -366 -346 -317 193 -413 933 493 995 -18 -438 -752 -880 279 423 -14 -518 789 -458 -456 
959 55 -730 79 277 439 234 -287 -174 602 384 989 192 -868 -707 -945 150 43 -79 104 430 -282 -404 705 -877 -719 716 783 -485 -956 504 122 -197 103 804 -317 -122 -654 92 -648 685 -94 508 -680 -154 187 463 677 389 -600 -3 716 923 457 -481 
-867 269 773 -952 11 158 -567 839 -308 979 -998 -74 -888 -612 -901 -220 -938 -274 845 -346 929 -470 -520 -691 -570 336 530 471 170 -903 639 -351 -831 -814 -516 -464 273 -973 332 158 55 899 -88 320 -921 -782 -795 -149 -160 -814 663 210 -51 585 339 
-106 -561 -495 -459 360 739 235 957 437 502 4 869 -139 819 261 959 963 -885 819 -548 -232 -90 -452 -197 519 260 -136 433 -990 45 -922 584 -837 -422 -7 874 -681 733 -907 -474 251 -746 26 363 -805 -81 900 629 -419 -421 -181 94 375 339 501 
279 -729 841 -442 -330 -350 281 -160 -349 7 -476 184 680 -225 30 -778 397 456 549 -332 922 -578 -143 129 -986 528 437 850 809 -502 240 -701 164 -626 -432 -944 339 -571 6 -271 -729 -561 -912 -681 -711 -773 -740 -811 -59 -158 -784 507 64 819 -426 
-832 208 453 646 -999 98 510 -749 58 -493 104 532 685 237 -195 -621 226 -133 -623 189 296 901 -65 285 -923 627 392 588 7 464 -820 208 -827 25 593 -114 911 819 -776 33 -825 774 -373 273 -424 726 -32 -816 762 -86 -19 -607 -371 293 321 
-876 -749 -680 -473 751 -920 -631 -567 599 -460 -452 518 -861 230 -736 401 -475 -272 671 -82 257 242 -621 468 -925 -646 413 -320 -129 39 -846 -421 401 369 267 -225 979 835 54 -115 774 746 168 747 -762 557 -326 -425 -419 -964 -234 901 809 -973 -97 
947 710 -225 -956 -672 620 829 694 893 694 -966 173 -719 883 -14 -829 -328 945 -881 288 -804 -1 -724 -871 163 -876 688 -136 416 -932 -665 453 -109 629 -162 358 -401 -91 958 -906 792 -518 289 -169 274 705 -446 -334 -987 -33 25 14 173 628 829 
611 -853 270 -670 -902 307 -778 -81 -726 -996 371 832 -368 884 -767 -672 146 381 331 -499 -153 -979 699 312 706 -617 73 677 -915 -914 580 -940 -387 -646 -54 498 -825 249 868 284 6 916 -497 249 754 182 884 -728 781 2 233 411 -265 -784 7 
-332 521 748 615 -191 -109 -672 397 966 44 980 -933 427 -290 57 832 320 -452 -439 -934 -917 -413 452 964 340 312 -125 858 576 481 615 -957 126 934 875 189 864 229 -847 2 662 404 -127 -755 -574 -225 744 134 -678 7 6 -301 -530 -446 133 
-122 -62 41 333 181 -109 142 257 960 228 -661 -397 14 -353 45 -60 774 -645 473 -25 87 827 -291 687 727 496 654 931 94 -871 -252 452 -820 264 -621 78 166 -240 -628 -61 434 -241 85 55 810 571 871 -771 -612 169 -672 5 -682 -984 842 
949 -536 -39 -61 627 -84 900 -522 314 894 87 -617 859 -296 466 993 751 -650 -130 868 447 -95 170 493 -435 -298 449 -217 -242 -631 -258 427 217 -933 609 -41 -154 -789 -11 74 528 927 -617 159 747 -409 660 459 -224 314 181 -343 -362 520 4 
-451 -196 -461 900 -122 656 -346 906 -795 530 -900 695 964 -466 232 -589 -517 213 695 163 -485 647 807 356 738 -766 444 152 319 -235 157 -44 559 -133 -100 -158 289 -555 -158 -272 965 477 -771 618 594 439 -11 329 -448 572 898 -735 -758 -50 671 
306 601 -964 -586 -594 416 94 699 541 -439 296 -531 122 260 -639 -758 -135 -155 -406 36 -442 777 940 160 -673 -867 379 -133 -749 -330 408 27 -604 195 -889 128 -108 -237 -602 574 -254 703 -985 457 683 649 -453 622 -114 296 23 504 -727 558 718 
128 781 384 -549 633 160 -569 -217 46 -999 -964 557 1000 -5 418 776 -945 705 -137 460 -280 -713 -17 491 917 8 -369 394 757 388 -634 -400 383 -917 -814 511 -650 -69 571 -649 141 123 -957 556 -338 -698 537 -675 -408 316 -874 -828 -216 -755 885 
533 690 -243 576 201 -38 -931 785 425 -738 796 -425 -193 -324 -49 286 14 -358 -832 627 -821 -419 225 571 -420 453 -615 881 -797 542 -481 -798 398 367 -885 759 631 -530 -682 569 295 -435 45 -448 -457 -112 650 -816 -63 -863 -718 -239 670 -895 144 
