192 116
723 567 601 249 -964 -403 690 -829 730 539 -146 -809 197 -306 439 479 -192 -958 -68 911 -645 -480 443 221 826 -570 -756 -315 -926 -702 817 787 474 411 -277 -715 -431 -139 445 -310 354 -827 -615 425 568 -989 -957 -196 995 549 419 256 860 -53 -583 -845 502 494 793 -691 -219 -13 -673 72 -469 291 -223 -337 -790 697 -694 610 558 92 -153 -571 -598 986 -730 355 906 148 580 317 -420 413 -51 -736 -769 -117 -421 -283 580 51 839 -746 490 997 -428 -789 -907 -804 538 961 805 -279 501 462 501 -867 240 -887 952 -132 204 -483 
-959 974 489 253 -750 89 978 150 -977 -989 653 245 805 848 550 882 685 356 432 275 522 -874 107 792 -345 -343 -805 -289 -914 -435 -387 -965 -535 -269 493 507 781 -532 -850 718 -127 -965 -394 618 614 -599 -133 352 100 549 589 646 -758 253 -190 128 718 -396 116 405 -180 -740 -22 27 -7 904 -431 54 551 -143 101 539 -80 897 510 -448 530 -632 73 -200 -654 53 158 -878 -350 610 635 140 808 493 977 796 -967 948 536 -15 -735 -463 248 278 349 38 -399 295 22 286 44 68 266 27 267 -132 682 -861 -371 165 
860 -127 -623 628 -428 -256 -488 934 839 -515 120 -589 683 263 477 961 -488 689 -511 -825 83 -604 773 955 -817 -191 -392 104 -352 -456 -451 12 323 505 431 -288 42 -348 366 -265 414 49 952 -23 -550 -690 -634 292 466 347 924 670 216 183 -86 701 -685 718 678 -578 -272 -75 385 -281 -559 845 -287 -956 -114 913 -540 -59 139 -474 -785 642 308 -633 616 -145 -20 408 667 701 -228 698 908 645 230 117 931 -126 -324 -664 315 655 347 -912 -615 464 792 -638 -243 852 -637 479 823 -609 814 -726 -674 -206 962 401 150 -304 
849 -740 -23 -59 620 872 826 -657 68 831 425 271 -695 596 742 816 -579 -663 -906 -439 903 -741 -323 -392 -135 -679 85 -979 -264 194 835 687 -16 -362 125 181 214 546 -440 799 -804 -280 -26 -982 -712 401 231 -80 813 -118 -340 -746 374 -625 -898 -669 504 -706 127 848 395 -215 -759 -543 812 -103 -429 -520 804 -474 363 -684 793 -80 606 -843 -491 -175 -903 50 105 912 858 961 326 254 283 157 -122 45 435 559 -813 -270 147 587 -684 -558 -611 -983 -541 295 333 -550 -302 -535 -205 66 324 -291 24 722 944 169 -658 228 
-811 -907 97 -48 388 150 805 494 223 859 -789 591 -136 266 -717 -552 -286 -738 -239 787 -437 -864 165 -985 -826 -987 556 -144 953 -301 -773 278 -826 -408 -430 -913 345 -495 761 71 369 635 999 -856 -421 153 590 633 -704 226 704 -697 677 -51 549 966 374 147 276 310 229 568 -858 334 -964 -191 400 165 -571 948 170 -890 333 269 -294 979 -476 151 -659 -614 237 -629 869 -398 251 -939 355 637 188 477 464 -649 265 -98 344 -788 221 401 291 982 -715 -333 857 -672 356 -337 -370 -68 -654 645 -965 -517 -93 535 -664 991 
323 362 328 533 636 -748 917 362 226 101 -765 -918 741 -700 261 -43 -983 96 730 -469 465 703 633 460 255 169 -105 853 808 620 -948 462 333 -656 -688 319 985 -834 440 542 -371 468 748 176 443 852 257 878 -420 -168 97 425 152 431 -343 -326 711 511 -531 51 -370 60 -278 -59 315 783 856 -554 -290 141 54 -296 200 -426 -257 639 -686 463 -437 58 171 217 -127 -960 -548 41 399 963 908 -18 -609 -515 760 -558 -951 -721 161 227 -19 -965 -273 901 218 901 527 889 -420 -380 155 -641 -387 797 -550 141 686 -472 
-201 93 354 946 -978 -888 297 -944 -301 371 -60 -443 -421 504 -223 910 127 -48 -869 573 -318 -401 449 -79 -12 14 595 608 -882 460 -291 543 606 654 -923 857 538 278 177 -640 229 639 -285 -572 -522 943 -532 273 -47 329 -246 285 -383 -551 453 -997 -283 50 -139 190 282 721 -144 -2 492 927 -476 815 38 -827 -284 -560 933 -248 -890 32 -192 -167 171 -756 -601 181 -385 -657 -667 -889 294 -651 419 -924 -123 -441 513 -838 875 636 -911 234 -113 860 -185 -768 800 -374 595 133 874 -500 471 -391 -327 -254 -736 610 -257 -402 
-826 841 -804 -216 954 -233 -476 674 861 -344 35 184 74 152 -495 344 19 -840 -850 -338 -190 -152 618 897 -809 557 -552 -378 -326 -308 -765 -334 777 -481 892 -490 -646 -894 14 -582 -961 4 621 -623 734 -114 -328 678 -69 -658 -835 982 -417 30 -767 -193 848 501 438 96 -135 -145 -185 -214 -11 -187 -248 916 -288 825 757 548 609 165 997 865 -309 -422 -414 577 632 53 658 -359 -550 -971 645 753 941 152 653 207 222 901 777 72 863 238 168 -915 32 300 190 595 995 211 396 580 691 684 -11 845 -695 137 -332 612 
112 798 769 684 -203 -870 870 297 9 -403 332 309 -801 236 516 -880 576 382 -533 584 -98 371 -268 339 507 160 269 -312 207 346 -96 -871 878 -485 665 45 -805 554 -640 -244 287 -457 307 355 -75 -508 -932 12 -815 -597 873 -494 -560 668 946 348 -302 570 667 484 -207 -343 102 599 486 -977 -136 169 472 -883 -554 -427 -556 274 -382 832 885 710 904 524 -366 -406 -53 -716 -934 -581 823 450 -848 11 -644 -63 308 822 481 -382 890 -996 516 482 -994 -101 680 -470 972 -626 439 -273 840 604 553 -651 998 -564 321 -180 
-653 -403 -616 -739 -591 72 -199 915 353 -500 171 -541 -587 725 759 -582 -395 786 32 837 -522 387 16 -900 -548 348 -197 203 815 766 -265 -741 845 -703 18 -669 940 214 783 -374 895 519 -223 270 607 626 -589 -700 -729 -815 -377 115 133 -357 773 727 753 -515 890 470 -290 962 285 -28 -310 38 20 -351 -954 386 395 16 -368 139 116 175 -579 -650 21 419 429 -760 -30 226 748 -262 959 -30 -349 -703 -282 796 -320 833 39 -71 645 -49 -264 720 -690 632 -617 -647 5 -713 312 822 143 -354 566 425 98 890 -196 -518 
81 -240 161 480 -700 143 602 -859 143 174 -192 798 580 -368 77 300 935 961 88 938 660 -583 -415 -884 -713 -703 992 -651 410 665 -119 -944 -566 -636 -234 940 -3 -983 -623 690 -648 -880 722 -665 372 -383 -76 964 108 -510 -681 -383 464 -257 -614 -608 -318 873 -377 462 -169 -870 150 -547 -170 -179 739 -378 -352 -885 849 -956 -546 -691 -276 435 406 594 -916 -416 -280 -931 -22 478 -319 -266 -788 -1 146 100 -513 -834 522 743 -56 882 -112 857 876 -365 512 -187 -504 -620 880 -560 372 545 -151 -701 -764 800 772 -484 686 -385 
800 595 989 540 -561 -28 756 46 996 -168 178 -616 592 846 -32 103 101 914 259 187 -279 -416 589 -631 -342 -755 -646 -123 -442 955 971 200 166 160 18 509 235 -412 -746 208 -51 -129 -178 -255 -142 86 42 262 11 925 411 515 -12 861 -147 253 -593 -978 -263 89 677 195 957 -826 -276 675 330 -498 99 516 488 -839 727 -788 -48 -817 314 -546 225 265 -516 -808 -127 720 910 406 -560 167 -113 73 847 495 81 -882 546 -116 662 913 571 -88 -568 652 586 -649 -638 -70 -181 307 239 -756 860 851 156 -848 -884 -366 
780 -886 239 -274 -619 -156 -657 23 247 -206 -567 948 52 107 -156 538 -110 -70 512 -908 -587 729 692 547 -919 -636 -464 893 954 -14 232 -519 662 -688 218 956 -77 -777 -156 759 724 -428 973 -577 -167 -297 -61 714 213 243 -627 796 -285 161 -125 -96 386 -620 -507 -450 -449 858 234 -905 395 548 -214 -59 615 -857 -791 -57 558 289 571 959 908 -525 604 -627 -990 632 -341 -748 -832 -323 -765 -740 -218 667 -685 -89 103 377 -422 -380 -295 -159 -863 419 970 -353 -348 85 -563 896 876 737 371 168 179 175 372 989 -81 -439 
732 -838 -81 945 -266 637 883 230 -944 -301 -704 -542 134 -649 -730 -578 870 -521 -59 70 -274 -372 -491 -45 -15 -649 386 -302 -131 597 72 106 17 -397 -650 887 -445 -717 846 63 936 65 -353 435 -301 -302 784 332 -207 -834 -25 986 -431 11 -546 730 -213 -827 449 -21 -530 -852 -792 -92 33 -408 -50 -169 -243 -200 742 -909 -803 -902 430 -895 163 790 890 -43 -523 -105 846 -617 -717 73 196 210 229 411 -791 571 318 635 -980 220 -162 581 -691 -562 13 195 647 -297 -750 570 -248 867 -619 98 254 878 263 602 -113 -667 
86 144 -912 156 -937 30 -483 -849 -174 621 310 -663 690 486 274 699 812 -245 -387 -281 -869 854 974 -886 265 -102 -430 -849 296 675 929 55 -776 -392 595 272 -791 -86 -335 -444 651 97 44 -92 833 132 -427 -308 -925 583 816 -368 -320 -524 -912 -638 -567 4 -991 -522 580 -467 -904 860 -349 -331 694 -637 399 -391 145 729 61 894 -222 800 -949 840 -554 463 -288 685 296 -136 509 734 -31 -821 221 744 981 51 901 577 911 -164 982 777 -923 448 -927 254 611 -576 403 275 -173 -922 922 -910 -296 -42 325 608 368 -871 
-234 -974 -467 -447 -727 -354 200 -244 952 860 -520 -21 -994 137 229 -32 470 932 -218 -688 274 -518 -720 963 441 141 -948 667 967 -64 922 -143 -991 143 -840 -604 -828 -859 -720 -557 -351 905 128 -767 -94 114 -285 -526 -705 99 653 457 -907 744 -334 109 -536 -133 125 -826 -527 -449 493 42 62 205 398 430 -611 -796 -792 -930 912 -142 187 652 -317 -456 -347 195 925 -746 -512 -484 77 -583 488 -780 509 374 -444 -738 368 682 210 713 -833 -674 -147 231 848 -917 648 -112 203 583 485 887 999 -746 -505 -983 -243 -674 -233 671 
-538 -838 -781 985 -91 963 39 740 -9 137 816 295 -910 -713 -846 -152 474 799 407 -18 328 -535 -809 -41 197 852 -573 115 -666 -382 411 -3 -993 -384 602 -150 740 439 -962 -928 -271 -880 210 -550 -880 857 -655 -260 -914 262 -808 -146 -853 744 219 -575 -181 -105 -343 465 -209 -756 1000 800 -537 -949 -259 590 976 -950 -369 -649 -524 480 -729 -140 -839 220 -556 -71 -104 -465 -476 -983 -428 537 784 150 -831 -316 -805 -297 480 495 -424 713 -34 790 -837 -687 -741 -875 253 -790 648 808 -520 969 146 923 -109 40 -339 687 553 -139 
455 296 -171 991 5 -98 -227 -31 234 -68 283 -243 -4 164 164 -513 -10 913 299 670 -443 -741 -747 -462 947 -7 -569 24 50 -901 258 952 751 570 -999 227 884 -403 -636 311 109 -803 -786 -172 847 -307 800 -449 -83 175 -822 -998 -481 906 -354 963 12 550 564 519 407 300 -199 -590 603 -832 -298 -540 -628 -554 -681 483 804 -928 384 -408 730 365 373 19 129 565 -93 289 -162 348 419 299 -49 -117 90 -778 -110 124 -798 -947 -500 92 -704 56 -403 -511 -499 412 -347 -684 29 664 782 -89 -818 -100 -453 -394 -985 302 
301 -900 -777 -955 -592 -211 -705 -789 166 641 752 663 -573 -960 -548 -720 287 561 103 -499 -765 -974 -979 568 132 -751 514 -119 644 -531 804 523 -208 -511 -111 -569 763 -306 352 212 -522 -665 987 304 -431 35 -280 -597 -797 -801 -590 769 641 382 716 313 820 -44 239 -993 -20 552 36 224 -239 -41 -130 130 891 454 -563 -764 -700 515 209 -59 58 -872 596 -950 375 -854 716 364 -168 -647 106 25 -299 -299 848 -658 584 864 -583 -28 -695 98 -417 -841 774 -874 -23 -932 974 -13 792 -359 897 -170 151 -932 -956 -780 985 238 
-746 535 590 -7 -964 213 21 820 861 7 706 -235 226 -240 889 -259 -757 20 40 501 90 -324 916 -222 -767 842 461 -351 819 -960 -794 826 -646 759 828 631 579 -370 788 497 617 -386 241 -26 601 -887 -594 954 -344 -453 -179 -317 -378 840 361 894 -36 -709 562 -265 -906 -991 222 958 209 -857 898 -779 6 -810 -258 -212 -416 780 248 -719 66 -158 -498 971 560 -326 -51 -594 656 302 823 18 189 723 648 995 -550 402 -119 -968 609 -31 -190 857 818 493 834 -159 -374 -321 969 477 831 -262 915 -340 444 577 687 646 
-142 -417 -278 -838 -458 -188 401 13 938 -754 -316 -459 -691 -101 -88 432 11 118 -787 450 579 -488 810 -503 965 -559 802 470 924 -338 -282 808 689 -365 -205 320 -440 -444 -198 971 43 -356 -495 652 -333 691 -118 -879 115 -71 882 631 -484 -348 169 -470 959 383 647 -818 -449 -587 -472 946 541 353 -62 487 -335 193 645 345 -230 643 951 -441 733 619 -849 -69 510 758 336 -460 403 -955 -818 -355 -249 826 391 -3 701 -124 -381 -83 877 -109 67 566 -582 -73 920 -343 -431 503 590 707 -32 -930 270 207 84 306 11 950 
-197 -608 592 328 157 116 -986 -89 70 -939 440 -593 422 70 -17 -884 -873 -959 -617 -107 -771 -559 276 -65 22 201 615 -564 -796 -493 804 -709 -558 675 -150 -233 107 668 -558 -525 -24 -1000 -771 -323 584 -658 -125 612 -505 -198 237 369 825 475 832 -208 -874 33 204 642 510 -936 -939 -701 494 -12 579 -975 899 11 -374 808 538 841 -178 872 824 -198 -768 -431 -852 81 262 321 -363 -754 -397 787 376 361 -999 -965 -36 -624 857 -129 -281 232 -77 -28 -242 -983 -650 -193 -832 -515 763 -262 243 -738 448 -365 684 -555 -190 452 
-989 -314 488 311 363 390 650 -221 -958 691 -749 460 295 257 962 130 -549 -692 -397 817 -843 -182 -316 -74 -122 -259 -158 420 424 515 386 508 27 361 36 -223 41 -198 -559 642 -357 -396 81 -939 161 962 963 -821 879 332 -69 36 629 -528 -109 -739 443 -370 -235 230 -258 772 -350 830 -43 -678 -700 -123 867 -844 784 238 -728 946 -564 -645 -243 -209 396 898 -560 -775 243 -232 135 515 744 -480 -151 484 -866 207 141 -702 811 -348 -457 188 992 669 -696 470 977 158 -908 -886 774 -99 703 -601 -4 -916 456 -883 -288 921 
842 -215 -579 635 376 -952 751 -42 -862 999 784 140 840 -528 -657 723 839 436 -607 917 -397 430 -803 117 -420 155 336 770 -613 596 323 -153 430 -650 -874 -708 -697 872 -386 451 -916 -285 -926 469 -962 -598 -94 -744 -141 933 799 -703 -806 367 -475 -937 103 755 954 -119 -439 837 -713 -115 -908 371 881 -246 309 454 -151 -237 -395 -124 725 593 364 -98 -29 -194 108 -823 -399 204 557 822 643 -476 191 -166 735 357 -430 730 -104 -405 -408 191 -483 132 -819 3 -305 -29 259 200 176 147 -461 335 -546 -311 771 -467 494 314 
162 -993 430 -69 -344 176 -908 642 317 265 448 -468 -676 -516 940 771 -122 226 -246 723 -96 656 -409 828 387 -169 875 -683 146 -191 135 217 268 516 18 270 -718 -378 234 -577 736 -847 378 -805 972 -605 280 988 -23 -671 951 -467 881 449 400 -703 176 122 9 -784 -114 296 -308 -406 939 306 -647 338 -897 -803 991 355 455 672 -217 -213 426 900 -201 6 48 -371 559 -634 -671 -534 -555 -401 302 -663 379 -4 -439 660 -831 -968 324 -470 418 275 65 574 562 921 -943 728 400 68 276 -174 932 901 -187 -443 -531 244 
-665 -674 221 53 691 887 717 357 -421 49 -509 -572 -136 713 -641 336 463 501 855 717 202 -393 -986 -996 -270 -527 617 -315 871 -857 42 -134 221 156 -634 -54 648 -235 -481 623 176 902 -842 603 -145 815 345 -520 974 -180 470 -670 267 -544 -113 -302 -607 416 191 -209 617 647 720 177 511 148 -491 -751 -817 567 -944 -318 318 -610 -8 -239 -179 653 813 -797 398 9 -272 38 629 -739 495 495 506 -291 845 971 -882 502 -666 224 -31 990 -305 -398 755 467 -926 6 337 -130 -588 -799 390 -935 853 -309 667 -319 660 402 
-805 -361 971 34 -82 834 955 497 322 -351 -391 253 -637 106 270 439 880 201 -306 173 532 -849 440 -621 342 -666 573 -180 322 682 -192 96 112 -67 -699 -309 387 -569 685 585 326 35 900 -834 485 828 661 489 15 185 -980 157 797 123 -109 -87 759 -62 -681 -347 405 -977 451 387 98 -313 -987 -133 263 -256 320 -627 -776 -531 -897 -16 -344 275 -655 830 763 -771 767 545 -969 -418 859 645 -846 117 -272 602 910 770 -925 799 22 -172 811 -240 208 51 820 487 -601 930 641 -907 709 -296 -555 -914 -966 992 -847 688 
873 35 336 -67 -679 -731 -211 -307 -361 497 -923 219 603 70 404 464 -592 198 -505 -789 835 137 911 -323 46 194 -394 374 237 -745 -564 -821 928 -961 543 -227 -493 -982 821 705 304 -813 619 -482 824 897 -278 239 -598 -356 -275 -681 968 -398 298 520 -422 -710 6 -765 -636 324 837 -437 413 -400 -15 -147 -897 824 -583 -77 259 -697 427 404 347 -909 -17 -512 -477 -863 -69 927 741 -45 188 -41 -358 -273 -259 972 -54 384 -902 -237 939 290 -93 -611 -666 868 608 -623 -822 887 -254 -341 -42 -717 -106 361 -326 -453 -390 -424 
252 -682 -472 160 639 -474 -771 -743 722 90 -948 432 -361 614 -572 -209 452 286 180 -823 -848 -125 752 266 -521 -452 -326 70 -12 -795 -127 -268 -269 478 -412 -520 -357 -930 -566 874 135 -198 -320 7 523 -725 -788 -613 693 -417 29 -350 197 625 651 576 -63 -443 89 601 -723 556 60 -701 -78 -590 970 -185 -644 615 873 -301 128 -464 -289 -90 945 828 617 -737 252 778 -638 900 -787 -620 594 -915 -241 296 120 -677 273 417 74 235 155 -633 423 581 -693 -884 -433 -712 -64 -664 -481 986 -446 182 -339 695 899 -990 -250 327 
665 -494 830 -722 -536 -55 673 0 898 -153 -800 52 74 713 -592 766 -89 327 937 942 721 763 -584 424 -499 -474 580 89 -405 623 -890 277 252 206 989 853 -371 -818 -48 673 -183 500 -433 993 791 194 -33 -227 -732 -962 -455 232 -132 -761 -744 952 -944 28 -581 -173 161 151 170 760 982 -671 587 -824 755 600 411 -742 -524 280 343 482 -424 -426 410 325 -410 999 -1 5 -50 716 -936 570 306 -375 738 -872 -13 805 -329 637 647 -270 591 684 603 -961 219 -740 417 -501 754 -355 -120 634 586 712 517 523 926 -850 
969 68 79 -779 9 165 196 84 732 -193 -287 440 866 85 473 -568 647 -132 -29 -310 -267 -838 192 974 204 77 -797 -665 249 -41 -228 -547 -376 -544 -660 736 -391 -110 478 -339 435 -877 191 -619 812 16 868 160 367 439 494 673 -887 519 -464 -845 -278 511 -974 -11 927 -948 -109 -736 1000 -327 335 138 -457 408 660 -169 -277 -450 852 -686 884 630 289 -482 -817 186 -400 351 205 870 271 943 -816 818 -402 131 310 -904 763 -942 932 -992 -157 -156 -303 32 -315 -33 -777 -542 -940 -657 265 739 -700 871 352 950 -915 167 
242 -2 -775 432 160 -371 124 684 20 455 -840 -951 627 -191 869 -528 385 -924 -78 -616 -213 662 -402 226 192 621 661 707 -959 395 311 18 -408 724 -102 -140 -843 -438 969 -617 150 -267 556 -843 172 -208 194 74 -474 9 876 -968 -7 96 -489 -275 -21 13 127 -699 -730 650 -233 794 726 838 -578 458 -117 733 -126 -825 166 -788 13 -879 914 465 -35 718 378 -27 -189 -522 350 45 -426 402 205 -431 -912 -773 -109 977 -913 -137 -859 996 -454 -922 -392 -32 -158 550 231 339 -464 396 723 16 473 -347 -947 -115 371 567 
788 781 741 710 -386 688 938 40 -1000 -377 -172 236 -81 874 529 453 782 430 -846 620 144 960 -170 380 701 417 294 -690 -456 695 489 505 161 939 854 130 689 709 8 -85 -798 12 -657 -502 634 -890 165 428 -398 -215 60 649 -105 763 -144 579 915 459 575 -338 92 70 -847 -128 -743 121 279 169 260 118 980 -828 290 602 -583 -317 -483 667 -915 911 523 901 289 -548 524 858 422 -960 -111 4 -534 -674 668 -123 674 845 -454 552 517 318 82 247 450 37 531 914 288 -551 668 -645 528 -489 902 -443 715 -471 
892 429 -114 8 513 -932 390 837 -319 691 -485 -910 642 -727 921 -675 436 -310 228 -692 949 589 243 -152 -168 371 -793 -619 221 -184 812 -48 -511 -960 -404 231 589 228 317 -450 -26 125 686 984 -717 291 68 -323 208 69 449 -439 -78 -828 950 -11 -946 627 -170 560 -147 147 -641 -688 -799 571 979 800 566 -597 272 721 722 39 -856 355 180 510 912 -280 57 151 -93 539 888 -386 790 -920 -324 -720 -283 -4 -840 -177 18 862 -753 -777 503 350 760 557 -876 -586 752 -762 -640 -19 548 353 -365 -964 435 177 -82 431 
-468 -666 668 901 890 415 200 -390 -692 -637 -170 258 -650 530 -129 -102 -385 766 -294 142 173 -357 -322 304 95 -526 43 547 777 60 -584 287 -28 138 802 -185 -434 -837 -923 242 -56 -618 -110 331 476 -212 -780 -362 279 410 971 -659 -998 129 -961 107 195 269 996 -721 -513 351 834 347 -181 394 -121 -725 939 -217 653 -798 341 -748 437 969 651 785 288 782 -286 441 918 581 -542 -68 256 -630 -434 317 -396 965 -646 624 825 252 -211 -357 965 262 -846 -233 920 996 940 -319 -444 -242 -954 -45 -510 -212 450 -267 775 -401 
655 -907 -439 845 614 667 515 261 913 -618 -706 457 236 -425 -573 -787 658 -620 698 85 -478 -558 -74 830 484 -173 -340 864 842 360 -550 935 451 -562 102 963 620 -767 212 529 807 -827 -115 -532 -839 -828 -239 691 -280 571 642 764 -330 -655 -768 255 943 -582 321 637 -255 -73 -130 141 -714 962 -484 173 672 821 528 497 389 -181 963 -508 843 -412 290 74 -455 181 274 118 63 58 -237 83 -934 332 836 818 -361 -38 194 299 593 526 264 108 -117 -331 622 848 -553 -9 -990 255 402 411 419 -309 0 -711 582 274 
-836 -391 -256 -888 736 5 -890 -968 -201 -71 229 328 312 107 -524 -704 -638 372 405 287 -113 816 -82 -690 531 -84 901 -464 411 407 -474 922 -423 -362 -796 529 800 -517 38 592 851 -52 759 -656 350 600 -285 -352 920 -85 -799 152 906 386 378 127 344 -564 -517 590 921 450 474 -171 -988 -540 -92 -947 -753 117 598 -369 -317 -586 892 -310 -84 -884 102 -308 140 116 299 -481 -730 815 -342 494 406 -355 694 -779 780 -855 -247 363 538 -446 124 677 953 891 -727 -873 -723 -398 -302 92 -16 -744 817 32 594 117 441 943 
415 909 -91 749 -263 -563 -384 -983 -902 894 402 -442 -679 -90 688 32 -757 140 451 652 -819 510 -365 -662 -418 -434 -727 335 790 981 -958 -777 -462 -467 264 -167 245 940 179 186 -855 522 -644 14 -205 -376 600 175 -173 174 -244 658 -809 -287 356 587 703 -677 294 378 -992 934 -14 499 -631 -48 507 753 -563 284 -990 156 -226 749 -553 848 737 -392 -395 -160 775 898 -905 251 -473 -27 -769 203 -179 -255 433 982 -407 965 -434 -968 -60 -114 -486 832 -146 -484 828 -471 -428 -355 -541 -875 97 516 -228 666 278 653 150 507 
-354 -16 143 -761 -601 -610 -912 448 264 -961 -186 350 -59 -374 -983 364 -14 -208 -442 -620 322 -165 537 377 -500 331 109 71 262 -489 -104 -472 -527 112 -647 -451 -996 791 501 787 243 368 -514 -793 -822 -67 393 -52 -81 671 569 -87 -777 767 639 -82 258 684 -860 440 761 -255 -630 795 139 807 -844 -870 195 -744 487 -781 616 -156 428 335 383 -886 -722 139 74 533 611 83 -1 -796 347 225 -438 -742 -721 -517 140 725 263 596 779 273 -231 -178 340 -746 918 149 218 304 48 -197 637 12 -566 -471 -298 100 -110 557 
511 651 -91 597 186 -228 -866 239 487 379 321 -871 -775 153 235 -191 -314 445 -673 171 -514 267 266 -356 920 279 711 -791 775 -759 620 395 -201 272 943 -246 -734 603 340 -478 -959 846 -202 -646 -225 222 301 691 211 -161 309 743 497 -740 -409 916 -874 913 765 -514 -62 199 -785 775 955 -492 -546 547 599 -288 886 -554 849 -619 -175 789 -447 -768 -905 -780 683 635 -806 -315 736 -38 -554 552 -159 -221 155 -46 559 838 74 922 -371 -270 324 -504 -162 838 978 825 478 -939 -914 -152 -971 -289 -479 329 -207 485 -942 141 
665 -611 421 827 -695 17 464 449 242 955 800 -598 78 839 -494 -577 -811 429 371 345 -333 688 117 -509 91 -432 -386 469 -483 299 350 651 997 -500 -624 -710 682 -216 -896 -517 -256 452 -773 776 -613 -723 420 -409 185 971 -999 -88 207 572 539 -949 780 327 -566 732 301 -695 239 -161 -67 128 -470 -934 105 -669 210 289 -864 683 -761 -208 -962 -715 -778 -729 -616 -296 634 89 150 404 85 838 623 968 68 782 -18 609 -303 -434 717 -15 619 674 -982 -808 -687 -484 479 217 724 715 -116 80 -484 -925 -935 -539 504 -253 
-421 679 -273 35 80 -959 365 -574 -632 264 778 -546 -345 604 739 973 401 -439 -465 -742 634 821 94 373 299 684 -334 235 -272 42 -880 928 521 831 742 143 441 -857 719 938 174 -240 497 -646 -927 -77 390 -68 874 -622 505 -45 482 704 -73 998 294 -203 416 425 -335 -661 780 -1 -604 723 901 -803 469 507 454 989 -712 308 806 -455 -777 -909 -963 216 -345 -799 466 -712 -737 -10 -444 -682 73 823 -216 -573 669 -364 719 -880 915 9 -578 -379 733 -25 -269 -152 278 -172 159 -570 890 617 196 -248 916 194 158 498 
323 835 918 -76 -299 -881 533 -476 939 -634 393 227 -228 -299 443 -128 821 -993 835 -731 -117 985 -209 759 -304 -509 830 -708 224 951 -684 -474 -175 -647 823 -830 849 74 320 -112 -737 557 -917 713 -585 174 680 -862 -917 279 333 -232 -139 401 254 -885 420 309 156 -355 273 547 508 936 -111 795 -647 -725 872 899 -722 -35 -925 184 -736 458 753 724 -160 -669 976 71 -377 -459 766 -578 135 926 657 -931 30 913 618 -782 866 437 -517 -576 -771 -149 520 -413 -632 504 -790 545 -144 -326 -384 673 -40 -976 -882 -276 87 258 
-204 998 647 711 409 439 502 -876 -784 174 -966 223 -773 -108 72 772 304 499 -339 -881 -45 -215 -490 -994 -227 -71 696 -321 -592 73 959 -594 69 -147 314 774 145 -873 951 469 -670 -101 359 174 808 -190 -750 866 -284 751 141 -717 -705 -209 -14 323 981 749 850 385 -453 432 -66 -903 -126 516 -977 858 -263 50 -4 -732 947 937 224 -109 980 725 987 272 477 -644 -287 -487 140 -256 -265 -74 861 141 81 847 -481 -404 303 -630 884 398 -218 -363 -968 -911 344 116 -722 97 -496 435 -271 800 -71 -148 54 -7 795 -617 
282 -230 -323 -587 691 -165 -721 380 -415 -132 630 -213 367 -661 -697 -554 -21 -584 848 14 973 -599 -630 -381 955 -545 -375 197 -249 -211 73 -216 -897 -359 224 768 325 121 -759 -790 429 564 -688 362 -145 -86 640 788 -441 429 -230 -873 9 311 889 219 110 -7 -938 916 -662 -532 -974 -91 -28 -721 633 -312 326 -562 -529 -885 868 576 -491 -406 -307 -185 197 -742 -355 -622 -158 359 419 8 -56 715 -840 -566 -791 709 895 -411 -447 -561 692 -183 -733 834 -201 -240 -185 744 -476 -256 741 -288 309 -220 -528 29 612 37 803 930 
-713 -5 153 -180 583 -187 -883 -675 -747 -250 553 -863 292 624 515 -11 -338 -944 -476 928 910 -19 927 870 -74 839 291 486 -682 -988 676 -921 342 533 949 964 817 414 -150 -88 508 749 363 -247 -455 974 192 840 -46 116 -380 254 -811 -981 689 -241 757 190 -443 -407 53 -47 -53 593 -446 -501 229 720 116 142 690 847 810 846 -425 118 789 -197 -515 -405 892 503 463 -463 -630 27 -335 468 -148 -210 -448 537 -389 102 918 599 -638 520 76 506 197 448 -369 932 610 53 78 635 613 943 -734 -492 305 416 2 305 
-214 -391 904 358 -409 249 -686 868 870 -497 116 734 -16 479 -210 186 -353 -224 517 -899 331 -386 -312 142 755 -99 349 -39 -881 596 888 242 936 251 286 699 361 50 448 635 -696 -998 -832 845 83 880 -128 -338 330 -670 594 -935 -509 -816 -976 -956 -844 198 222 -667 133 302 -993 203 -295 998 949 286 -777 -832 431 787 113 864 -78 -389 560 -970 416 552 97 -522 -248 -165 583 539 -643 579 -682 -230 12 756 -38 816 -938 629 -294 -90 688 -886 270 -627 957 -827 -951 -15 257 489 -792 50 -549 169 -112 -725 899 -253 
413 569 -913 350 388 938 782 -537 576 209 682 -490 919 -884 519 -757 -137 855 -697 -241 -445 -437 -506 -646 -374 -439 -981 -309 410 -422 -173 -1000 687 97 347 -29 -621 -335 539 244 -698 -789 -303 326 736 -282 -451 122 576 -591 -979 934 -269 945 37 636 -69 -555 -318 -617 -241 -859 661 -273 414 517 -567 -421 510 825 -799 799 3 -961 -849 781 848 -407 829 -375 -182 -30 410 105 -533 -484 -894 -388 -632 993 -357 122 -424 -271 589 717 776 834 -554 -357 -433 529 857 -471 -649 356 -892 -777 -552 814 -803 -583 506 -899 457 -738 
309 -760 459 42 -50 -852 -690 -835 -95 33 788 557 -487 -813 -274 541 -944 124 -583 591 -691 183 -796 241 75 770 57 -386 45 -36 -453 971 -451 812 -370 978 28 -798 -575 -788 375 -179 547 -994 138 274 563 861 -987 -823 -711 547 550 -481 573 -372 757 -234 -721 670 709 -282 -952 -720 937 943 475 670 -145 -743 -870 795 -545 808 -826 664 813 -367 776 -854 167 248 718 584 417 -895 -630 910 385 502 -140 965 -288 461 -933 -83 725 -561 370 928 643 -412 -113 739 -301 408 -358 590 277 -802 -295 -891 -249 -840 323 -959 
503 398 805 -649 -906 869 943 -458 586 812 -825 -556 420 630 157 275 -507 -854 -647 481 452 -177 931 657 -988 344 776 136 -741 -355 166 -43 -724 -909 -536 -399 -659 -451 -128 -154 843 590 633 133 -516 555 844 -737 69 -904 -923 -977 71 20 386 680 282 903 -685 -55 -578 -708 725 360 -272 -366 -407 502 -209 744 -547 -204 -624 -642 -31 -305 -699 503 -637 -545 -503 -172 -382 -437 -749 10 -969 -274 259 -200 -16 714 -843 -957 616 -580 -584 -251 -720 -208 144 521 680 -671 -316 -798 -287 -407 -988 807 -938 -512 748 649 455 789 
147 328 216 117 980 586 -287 -911 -694 -506 -361 803 -263 123 -155 -301 356 -193 424 -155 840 246 -813 -932 419 709 -588 -612 993 399 -460 -724 718 -77 -853 -240 198 248 13 -971 -762 889 224 35 924 45 21 920 -446 -315 -977 -788 -626 -98 -631 -295 -596 -830 480 -756 -624 696 -322 503 605 607 847 45 73 -961 497 124 -748 115 293 -265 906 -339 -387 -566 -612 -950 -257 409 208 -976 -923 -328 324 227 948 -72 -41 -178 -189 -547 -329 571 -136 -113 22 -302 -472 -115 -184 754 65 571 736 -566 921 -481 131 174 407 774 
-411 695 -522 -267 205 -129 -362 845 590 -631 784 124 -979 -484 -384 -847 954 159 748 92 456 133 -348 -586 -873 -97 -517 -481 556 855 -34 -512 -378 802 973 -496 7 997 291 753 366 -74 -284 -660 -99 176 -294 -198 911 847 850 -41 947 -301 317 -836 637 598 -731 774 -842 230 429 -480 262 -732 742 155 -661 -266 -580 205 137 356 598 -981 598 726 -621 -945 536 -839 -566 134 640 -670 24 -637 579 -881 -118 396 201 -10 852 -392 372 692 -141 -357 -303 -754 -210 -266 793 -443 671 75 861 -276 -540 -394 -789 -736 -740 32 
-619 -547 -251 -38 501 942 525 420 -306 -600 -797 -531 544 432 -627 -458 -344 772 109 321 134 -245 230 260 585 886 841 995 13 22 418 541 -236 -102 273 778 787 786 314 862 -937 -750 293 721 -939 969 -594 312 737 -356 -929 -638 -985 -583 -522 -169 -130 -805 734 626 -444 226 -451 650 822 763 308 859 686 -587 -373 -140 28 -224 -719 523 -539 -176 -539 -174 -413 583 -64 -903 -923 -523 288 -607 -860 -984 -829 -594 -312 -151 700 307 -264 146 -760 -419 218 182 208 541 -506 747 206 -173 240 -894 916 -577 18 -910 3 96 
922 41 456 -500 -120 208 -822 572 -589 388 18 -977 -910 -624 61 645 938 -761 -702 19 -524 -438 796 -55 217 -240 -53 733 212 -464 -485 958 -454 415 -163 -761 317 988 207 -597 -589 349 -493 -902 -413 -444 729 -749 -801 109 -469 -198 280 178 159 -845 409 221 500 -922 271 405 -863 -397 858 -839 -347 158 717 -96 -566 -771 -130 636 37 415 -834 -743 -276 538 766 -405 -933 478 318 698 241 567 208 293 -655 -404 -741 -294 849 -930 -326 687 -998 -282 -500 -296 994 883 807 314 730 -760 -220 -435 -350 529 685 -628 -551 -10 
645 -286 -171 353 125 -56 -663 908 -920 606 177 23 308 -538 -792 -632 568 -617 -551 -650 -652 -950 -749 -85 316 -752 415 -274 -391 159 -633 -640 335 860 314 859 412 903 -659 -216 -458 358 864 350 43 -775 -982 584 257 138 57 734 197 504 -753 535 -435 707 -215 268 -286 -354 -892 704 174 -297 972 -512 -43 -340 559 -718 -739 24 57 -288 -940 -105 271 614 884 3 -299 49 -457 867 607 111 159 -268 46 -396 -262 -934 -517 -83 909 820 -677 662 95 -694 929 -860 930 419 -960 -779 -35 759 -705 213 579 -332 152 -754 
211 -290 -18 986 303 788 -375 913 382 -873 860 722 780 967 -441 281 -129 -384 257 -91 -252 -793 -380 781 -389 317 -765 681 499 448 -741 -635 128 -741 -654 100 989 -498 -186 491 -837 743 -429 56 -582 660 944 -367 -987 -835 530 -515 85 -395 -122 -262 -606 -24 906 -455 -678 -106 463 -889 -592 572 -231 -991 -632 -588 771 800 -149 -569 576 395 -337 254 202 -875 850 617 -825 -592 796 -256 -643 -598 488 21 -798 -524 375 730 -134 117 -359 -871 -983 142 140 996 384 440 -613 -719 -621 -319 -156 -186 819 -503 979 950 -916 948 
654 -656 987 518 -793 -364 -359 468 -159 -160 -858 -337 538 784 530 -748 428 392 -285 485 195 234 150 177 249 53 881 -345 -722 360 975 969 -290 -136 335 -53 -849 -312 -494 -76 730 614 700 90 316 -87 983 -429 -281 -363 -695 986 -350 -458 -51 -499 545 -819 400 62 -395 803 -154 -800 278 767 -955 609 -608 -86 341 575 -330 -805 -952 -946 -833 -792 -925 -716 709 419 368 487 -960 -788 -717 -462 -62 221 -540 387 921 -715 514 454 938 375 -706 293 -250 916 -792 -254 396 479 180 647 278 -637 51 -490 251 -853 -415 50 
304 -505 621 -156 -42 302 888 -914 500 -638 279 158 -960 -928 307 -99 -738 -468 -241 -509 -167 -756 234 -298 -987 321 -109 -150 -942 621 279 -930 -546 924 -156 -874 641 729 -572 -656 934 365 589 623 -411 934 -652 -420 599 -404 -574 113 421 -747 915 -996 246 -404 602 217 -253 287 -588 -993 -321 645 729 384 -212 -390 524 871 271 -426 -873 -739 51 -660 -605 -969 -466 -451 -806 71 -619 -193 302 -872 72 448 -432 516 605 988 -522 618 -607 568 406 334 -531 -700 354 -905 185 861 998 -151 -221 -107 127 981 -962 -932 -693 -195 
-14 -792 -528 695 932 -377 405 484 -685 -703 -587 -935 525 -876 -790 -373 -543 -645 301 994 357 -819 -42 -455 244 -999 -930 -741 223 -225 676 -876 194 744 942 -248 -2 -630 761 770 347 -357 -700 -771 -795 398 -766 871 -637 710 -471 540 130 577 -672 -954 241 136 -316 -862 -993 228 677 470 -204 -817 -915 120 -624 810 681 54 530 625 -380 -843 961 -469 285 -408 -576 -660 692 -620 480 883 -975 745 -495 -688 971 -483 403 -678 248 -934 -143 -884 895 -288 -224 386 -747 -829 740 -649 -558 836 -293 -831 -302 170 467 806 -601 208 
-28 752 779 -824 -315 96 357 241 818 543 289 666 -736 -10 -942 -685 -645 120 293 -529 274 917 -902 346 -479 -572 -839 228 -142 -556 -961 -431 35 -131 307 87 503 67 452 653 948 -719 -209 -644 -356 -223 -520 423 976 961 963 846 -915 -830 -231 819 236 531 -53 490 414 -166 -415 173 -349 383 301 -275 533 317 -900 545 501 -480 345 -622 -410 568 -49 -950 474 607 652 -828 665 -218 436 341 869 299 600 772 169 503 538 -544 829 -544 532 627 127 -178 -986 613 160 -980 -424 387 -420 -604 591 362 -776 699 -248 482 
727 -726 -384 -6 847 -755 972 -413 -40 963 -625 -913 904 308 -513 -281 -535 -456 115 -960 -792 -321 -41 -144 115 402 789 16 969 -163 -851 135 578 -792 -874 709 447 -765 -814 -684 551 560 -516 -157 211 795 214 -469 325 926 -566 380 986 625 -651 966 -670 21 -950 -676 192 -721 840 660 630 -836 605 -355 656 769 856 1000 487 -915 523 -761 707 -691 -374 767 -635 949 -179 -505 830 -615 878 -452 -202 194 343 -514 -186 718 265 -698 982 -303 436 43 901 485 -436 85 809 579 -171 -741 608 351 103 -66 165 606 -645 -435 
-502 -745 910 993 -184 -363 -469 -789 168 -12 452 -288 -118 -752 787 71 423 532 442 -469 29 36 -193 -952 -455 -376 -95 -31 490 -719 -671 -48 587 -614 -729 197 -286 -292 538 227 299 912 434 -627 185 364 -532 -521 165 -723 402 -851 773 -607 -334 -64 2 611 -590 138 -761 -312 -605 6 160 -984 -603 830 -375 249 82 545 686 276 961 -505 304 -425 -74 -735 -877 15 -955 -170 -131 902 897 157 -803 -931 691 841 -886 -869 -869 -889 233 -257 -760 -263 242 -735 384 -617 -989 172 81 -286 -594 173 386 -599 558 -953 108 136 
-605 839 428 55 882 860 -428 -406 -961 -782 671 -464 814 950 238 -374 -473 -404 -99 -577 -631 -549 320 -833 447 402 -67 -351 -497 36 -580 654 -401 -559 -333 -190 113 -977 -549 457 -409 -1000 -475 -24 942 -594 -795 -444 -708 760 968 553 717 -933 -197 -807 18 814 639 -347 258 -327 -475 518 191 401 -138 63 18 -87 844 633 306 -741 -278 166 243 -157 -805 -748 -927 462 589 -19 212 -530 643 12 566 -933 155 7 -679 641 -15 -843 279 623 199 65 114 -175 474 568 445 232 24 987 -809 640 -193 869 -236 -362 -866 54 
-96 -611 -817 47 137 824 186 972 -631 -256 -91 961 -718 908 -688 742 511 -83 -653 -62 -108 -502 938 531 -2 -26 -677 1000 553 -677 -539 -442 563 112 -290 59 -99 355 515 -189 481 169 787 -474 269 -703 -444 -125 -694 957 -103 -581 629 -580 834 -917 150 708 -941 -817 537 795 453 504 311 -962 -711 393 993 -948 953 -8 51 58 -21 -734 117 170 674 779 -734 697 -853 280 761 74 -929 -372 -939 349 -188 956 -811 627 219 -631 -325 642 843 -669 -828 264 998 -618 -496 -432 -872 713 -439 -645 481 -21 644 5 803 380 
-413 158 -949 -885 891 362 108 815 -110 -625 291 849 197 -786 -322 43 -89 565 655 -511 64 9 -11 377 567 333 -265 -997 147 299 404 -110 963 -107 -432 -181 775 -541 -847 157 -767 132 -268 260 704 297 -652 434 577 187 -37 758 652 -812 4 -741 448 321 -280 411 826 999 -487 -312 -476 172 -768 -354 -242 -430 -954 556 854 673 184 806 286 516 826 -982 -758 392 229 857 -75 430 787 808 376 -457 -161 30 -14 228 -302 -757 -919 -747 59 404 869 -995 289 197 432 -501 -675 -86 121 -477 -924 242 685 -2 582 962 
413 765 -606 -76 139 -893 535 -689 600 218 -785 -877 807 454 -749 -914 156 755 83 -173 443 953 672 -932 229 -233 -579 918 -111 939 887 -827 -522 244 -276 -749 204 -144 856 640 818 -594 -78 857 -536 -801 -901 619 -630 152 553 -392 182 -233 709 -127 -585 -717 -168 -488 -407 -56 648 909 13 -750 282 915 -782 590 -151 -89 -866 -235 346 651 -950 -356 917 -556 -638 -609 -545 315 -340 707 -522 -811 -375 -533 -809 280 -706 314 -87 298 294 -547 -348 697 -769 609 668 224 334 -758 317 567 859 863 -888 -205 216 554 -732 198 
426 -538 -583 87 501 -187 -873 67 -384 -203 -929 353 529 133 612 -934 356 -860 738 -109 166 421 -916 -789 96 146 -654 947 484 423 158 -279 -55 -681 524 -977 126 -986 -546 -75 30 -522 587 614 -720 -104 -329 -143 -542 -436 139 771 -760 -425 -295 895 923 -339 -69 -620 -787 556 -699 667 -16 -284 -511 179 -431 20 -368 960 -529 -266 -557 -351 498 652 -257 700 -611 -227 -619 -703 -8 -778 -651 715 375 -344 -263 492 981 119 -263 535 287 -145 154 -136 -802 -886 235 409 620 -247 203 -903 -415 -912 517 268 645 -211 -721 -316 
-521 339 633 478 452 599 427 791 -404 -832 -806 -653 294 303 -169 -576 851 389 -4 619 -828 -206 -996 272 23 -630 103 -98 424 184 612 774 -382 -807 -146 -342 -957 279 -489 932 -424 -161 950 -996 -298 -289 522 328 143 -573 382 -844 864 -715 -865 -318 -963 -514 -361 -103 -24 -117 -218 608 459 -722 -951 965 -67 772 -851 565 -777 736 -996 833 -922 226 -521 -53 755 959 -421 899 585 264 -714 -364 309 -885 647 -316 662 204 -844 -516 443 -812 186 -922 -197 912 539 -581 -359 -309 144 986 -70 486 463 -182 -255 754 848 126 
-315 418 -154 -410 186 -350 -826 674 -159 250 27 -129 -62 -622 -787 324 830 449 -578 -903 -970 -912 859 -904 -689 -642 -154 -269 280 21 646 481 667 -690 -264 -854 802 -315 -487 -38 604 -604 -568 -679 -85 501 -475 977 -712 454 574 423 362 653 -392 130 -230 379 -545 -133 769 520 -804 361 -14 691 -702 -221 -209 861 -21 899 929 457 300 -773 -745 628 455 414 -52 -227 -280 -822 -669 -134 -1 65 43 529 -64 259 2 -986 -433 -111 937 925 397 -954 -933 318 -868 -575 40 -419 704 563 59 -944 -705 656 -997 -685 -453 311 
-972 -435 -884 291 -910 936 -141 -246 -605 621 -897 -177 771 915 -835 -122 712 -367 -371 -205 -472 -883 162 -721 -778 -447 556 144 -974 -778 545 -326 -605 -734 64 414 674 -141 320 -655 571 860 -802 -224 -731 -332 -852 -2 811 839 948 -611 625 -936 -148 -687 599 446 -594 191 -926 -514 -572 771 532 789 332 772 -46 239 739 564 -444 395 -716 -587 -319 849 -791 -76 118 -667 364 -281 -100 -14 -80 -64 348 217 501 736 -345 -24 -289 -953 -333 955 150 266 203 985 847 -855 -567 -542 925 -282 -186 302 -910 706 -805 30 760 -981 
585 43 722 -963 -265 -443 -118 174 -961 445 818 51 968 -556 117 347 -96 378 -387 -614 850 -88 229 945 -263 978 -19 338 -360 907 287 231 -473 342 -841 -292 487 486 -87 807 -709 -220 142 417 325 301 799 117 382 727 -933 531 270 778 329 -638 55 695 178 127 717 263 -570 206 736 -824 282 536 -584 -539 395 414 -414 -710 155 59 231 -314 -965 -219 335 43 692 136 925 -908 356 436 -919 47 -887 -85 82 -22 842 372 -107 424 -557 -883 -611 9 -143 -453 81 578 161 856 871 -463 -421 -114 413 -968 -636 5 
-285 834 -597 484 -727 637 61 533 963 -928 622 59 -512 257 63 -613 147 -833 -637 -60 -528 957 612 988 -565 197 -968 -650 39 -594 -773 375 206 -26 -461 491 -112 -754 47 328 -404 -960 -474 -721 951 745 -427 603 -108 232 780 723 -796 -350 -721 -762 -211 695 417 11 482 151 -362 -974 -737 -261 124 -90 976 343 -969 -734 -166 602 578 702 982 836 -638 469 238 -421 180 255 -289 245 -81 -758 -765 -827 599 -961 -28 227 163 752 286 824 -886 768 688 -585 423 53 806 760 903 -804 -350 494 -320 126 -940 -5 -48 -499 
564 -176 207 419 -1 130 -939 -483 746 -705 -858 -445 -985 -815 -806 514 -706 626 -968 -883 746 -173 948 -234 621 224 -173 -305 961 584 -251 60 421 343 -392 -587 -857 410 -862 -95 -381 -503 102 -829 -719 388 687 -807 818 -383 304 106 -163 -531 12 21 436 -627 38 -277 579 -343 108 -721 871 -358 443 -806 -879 979 764 891 -492 -214 192 535 -674 -797 -501 924 337 -170 -191 362 -75 119 -926 956 994 307 709 -285 620 568 114 -723 847 -135 436 280 -208 402 189 237 29 388 -581 -441 195 624 395 486 544 -288 355 -73 
-554 -675 -613 -139 424 353 138 -322 -63 -832 640 3 103 -51 -408 -917 -922 -386 421 -220 -51 -457 364 -860 -274 -401 -716 -649 -337 -760 -235 339 -182 -155 -80 -173 -369 -451 426 -9 585 287 740 -484 -112 -592 39 240 -332 532 216 523 107 -69 948 730 -439 796 -27 -475 -401 257 -252 -744 748 -631 -793 218 -463 581 -70 305 -864 176 769 -344 931 608 341 -141 -327 955 49 482 -417 -702 765 -919 -312 -812 -131 -682 606 646 -709 586 -418 389 499 498 192 -242 -54 837 -747 127 125 -94 614 -580 125 -505 566 238 -584 -604 
-665 -942 662 -862 767 667 788 -419 -119 291 -19 894 -467 -136 -34 495 7 -908 309 -575 124 -863 -706 291 541 167 72 828 347 -944 -581 521 884 740 -656 208 -868 -533 -270 320 882 -446 216 -322 872 -688 -700 -446 -216 -181 -68 -800 164 -285 -844 293 610 -967 -643 75 422 -379 204 591 174 798 93 500 -956 602 694 -865 -219 -278 649 236 -508 -817 430 -613 912 -737 543 -308 96 621 177 -545 -467 357 -65 -298 -602 194 831 939 -175 -984 -723 46 259 1000 692 -842 -593 -306 536 -99 226 281 300 -132 875 -526 221 911 
-257 -689 22 993 4 729 -809 453 -642 -619 -919 380 626 -826 -359 -14 -871 773 952 74 -510 563 -100 -700 -893 -480 -871 -256 -806 -620 -278 -881 506 885 -507 -135 531 192 -810 -279 477 912 265 -324 -885 -42 -179 -893 -598 714 749 -613 -264 -344 232 580 487 -171 223 -132 -59 -783 58 715 -542 -355 971 -380 576 506 553 -115 800 -477 22 60 -788 568 -165 -30 13 -772 -48 -347 -289 624 -140 576 -46 772 -690 590 764 -572 -449 -812 -422 991 557 -10 878 -835 49 -690 990 420 -507 891 991 593 167 -573 214 941 -56 -252 
-819 425 92 -660 681 -399 -97 -317 189 598 -149 -791 944 -505 -960 -237 -883 486 648 277 -484 594 -682 351 612 260 659 872 319 -935 -332 126 943 -944 -780 -988 30 406 -815 -48 -405 -505 857 -200 159 -881 -777 402 292 8 514 903 -116 -804 779 763 535 -240 -203 -784 881 610 665 53 598 243 -36 858 747 -499 -654 -524 736 408 878 -392 942 -508 -180 -430 918 -398 -669 -54 896 -695 -481 -921 353 -600 363 -265 -65 -404 -272 241 40 -784 292 621 -841 964 -562 819 462 188 -629 196 -848 -336 919 -45 968 -563 667 196 
288 510 917 629 468 -328 -828 723 -875 966 -140 -307 -268 251 -450 600 -553 296 362 1000 800 -810 -516 994 -552 -49 -689 256 668 -396 131 -160 455 10 579 -584 -311 644 329 -837 599 -781 -746 944 654 -391 -467 -560 845 342 -968 899 424 -41 796 -709 -162 892 -172 -462 -237 -239 553 170 428 -213 378 -595 -213 -661 586 -497 930 -396 313 280 721 -515 237 -790 57 335 235 157 988 -38 951 -296 -434 165 615 -38 -869 -285 931 -296 -585 991 -921 -822 -583 388 -426 -567 461 -577 -469 -402 256 540 900 -356 370 513 -688 122 
-427 -694 289 -410 663 134 -898 -161 842 546 -711 -59 787 425 -963 -27 935 -497 788 418 -268 56 -227 -549 -214 -78 -885 -385 -275 -126 -170 820 -58 -36 -298 896 -499 388 -334 860 515 602 314 -516 33 722 925 866 -806 -579 -876 -162 892 831 781 179 315 -569 -189 -791 803 -223 261 -714 485 -625 -43 -868 405 128 876 537 995 -155 124 -125 473 726 635 -170 965 4 -198 455 -918 531 -179 -138 -832 482 810 767 294 579 -412 101 -78 -456 911 -291 570 479 270 582 682 -169 899 -725 -439 801 987 -108 -750 -717 971 657 
229 -53 -372 18 -1000 311 -838 -945 -310 815 238 -415 -683 239 -355 600 -237 -575 -876 501 -257 -489 494 106 349 139 158 -992 775 481 775 -676 -157 323 -340 -186 691 -84 -704 -575 182 888 503 891 647 257 672 752 607 188 -624 -660 -743 -861 643 -173 580 940 263 699 -806 -8 141 -984 -429 -974 413 -395 883 -751 291 320 -771 -203 -413 -318 454 -772 -638 370 -991 -649 233 466 482 -146 -389 -603 -990 964 -900 671 318 -913 939 163 604 -706 138 154 -895 281 -532 -762 426 -309 866 -424 -565 -628 193 -925 -929 306 205 -462 
445 889 308 -796 -43 -756 833 113 995 -921 9 -229 514 -519 -83 -242 97 411 -641 170 683 -834 931 -680 972 136 792 758 -543 -713 -294 616 773 570 955 74 -915 1 -967 -145 -776 209 -58 -82 150 -856 -244 435 -18 407 69 -958 -986 -463 -504 -391 932 746 -172 -687 950 -543 -164 907 -403 100 971 223 -311 98 -660 -440 593 376 -589 -556 284 -559 460 -890 -451 -989 -68 578 393 356 -717 918 -558 299 -882 -702 -732 -655 -452 -44 -227 -324 903 327 407 -615 413 576 -164 -442 644 -28 727 -610 310 454 -897 825 -829 227 
-157 979 -864 767 -801 -104 -253 -644 -194 735 61 -868 -927 -487 261 307 51 -713 74 412 -312 148 243 108 -512 -585 718 80 -281 515 -113 -193 653 496 -135 -826 431 491 771 636 972 -536 878 -175 -236 296 308 183 616 72 -903 947 -264 914 754 900 663 492 41 -438 -1 944 630 427 -936 -758 -677 -272 644 -216 415 903 352 707 -593 -256 601 -519 -272 692 -838 -744 613 -857 -458 262 828 255 -928 120 -898 135 -949 -944 449 435 924 214 -82 -815 675 -329 -91 -555 552 -876 561 -111 -414 -515 -28 -955 -491 -303 -660 645 
970 -730 -455 554 980 -352 -253 -577 454 946 -334 -492 651 -106 786 344 -114 677 -977 -60 -214 -813 -133 106 -813 220 426 834 782 694 564 2 -983 -71 -324 -486 434 115 -58 -778 -924 988 -741 850 582 493 866 5 348 -937 475 426 -44 683 67 -98 -954 204 -86 -620 -533 -678 547 -662 -934 -531 302 -559 -756 -89 211 -87 167 -725 -22 -88 -170 456 -420 640 -336 157 872 -314 -718 481 -459 724 207 269 -929 795 -411 732 -955 341 429 -769 137 371 -339 -148 -211 772 918 89 -858 549 388 -227 -831 -824 -107 41 708 993 
848 128 -959 961 -210 784 258 -489 861 828 331 448 -886 737 -636 157 488 540 730 304 726 -150 -612 -28 63 -30 804 998 82 -63 -851 -437 -916 995 646 -34 -684 -750 -104 161 -866 -232 -58 -390 -328 -522 -498 569 -817 -894 111 -784 200 976 767 717 181 -111 -809 94 456 727 111 -588 496 487 -656 885 -783 -422 -336 -341 936 470 557 384 702 -357 91 907 787 144 944 -475 -968 780 -434 -691 -402 989 496 -499 -424 222 612 781 -363 -959 -701 16 -227 462 -487 45 20 -706 39 -750 68 -441 -950 42 -681 -119 151 686 
324 273 -34 -320 -262 -532 -374 238 -874 601 -598 -196 396 -527 -443 -172 -408 -712 -193 476 484 531 -806 516 -102 527 -566 -926 842 769 130 -874 -130 198 -603 857 -438 -821 682 -265 784 -38 -658 126 936 847 -582 444 8 184 381 -921 114 -308 -618 -70 -260 388 811 16 912 -350 892 469 -475 602 -925 662 941 -419 519 -456 902 619 -127 -460 969 397 545 -930 962 346 705 -257 485 -804 664 385 368 -953 -103 621 -6 630 -63 -166 -975 579 956 775 12 621 308 -448 631 -390 542 248 128 -699 -918 905 -700 -523 -735 -815 
-63 434 -985 -262 -681 901 777 389 -222 423 71 993 579 758 122 -533 -775 438 751 341 13 1 -84 -784 -51 188 -374 -201 -970 307 -688 -305 -501 474 875 645 395 -275 976 702 396 755 -529 -380 -728 830 -506 945 -107 -950 415 -148 89 -488 -960 333 -457 -52 -90 252 948 -201 381 29 47 -989 957 71 -858 -417 312 848 957 -667 132 650 -809 248 40 265 41 -235 776 824 737 276 944 -916 644 986 -609 5 513 -140 915 -930 403 -487 -754 115 171 696 -983 742 -125 509 369 141 127 216 503 883 807 -513 -977 987 
553 410 -164 338 -990 -897 984 614 -105 -8 -763 -260 -92 -660 -150 191 -587 -529 -900 -237 864 -615 -9 346 891 -795 -360 360 -181 971 991 896 -188 -817 452 588 393 14 907 -659 -751 -649 521 -503 -992 -965 -693 -835 -464 -759 -33 -686 -689 263 -603 182 188 422 828 -406 -13 730 -325 -351 621 634 -790 -751 -362 102 398 582 -726 124 -383 839 -424 -146 -908 838 -517 -231 -339 -287 -473 -209 23 845 102 -892 -983 879 30 215 -982 -796 903 -400 -42 984 -418 -212 -261 323 247 -29 498 580 -391 -983 755 -452 -239 249 472 -469 
-579 371 169 -955 91 536 -462 -738 62 525 -297 -44 -665 567 -341 245 900 -843 -917 359 237 891 -339 917 -462 -90 17 -946 453 -958 722 835 -143 -935 313 -837 -140 797 -363 -569 -557 35 453 -336 179 72 -200 295 -278 -66 682 -101 -894 -186 907 576 -350 515 -476 -972 114 467 972 -249 111 -754 -263 573 -733 487 223 -149 -18 -305 52 -942 -224 -575 -382 907 767 -897 -105 -422 -970 534 -312 -460 -134 -79 -635 -994 247 -703 111 641 -873 -946 -694 801 153 -85 412 -421 12 -691 -239 -441 -82 807 172 -900 736 164 799 -511 
-454 482 235 744 157 -220 -67 200 453 -952 -36 -476 -108 626 -372 348 -375 -399 -446 529 67 -214 -618 -935 -376 -86 385 765 788 -193 478 -559 102 325 633 -552 512 -892 -891 -902 24 325 -359 161 -151 -343 -874 -992 353 -479 -841 -655 631 -33 -904 -145 702 -240 -363 -667 502 -274 -914 -736 -929 888 -845 -140 -72 -721 704 -239 -313 945 -593 -218 355 -581 904 982 -35 89 -266 729 453 -123 -769 -346 -966 -54 799 371 685 -325 -360 424 -511 -991 837 639 -513 -142 533 -689 694 314 745 393 434 330 912 980 -355 443 624 103 
186 506 -922 -342 -620 -219 -737 -128 901 968 -536 642 982 248 -217 279 -853 -359 -491 796 -410 640 -214 531 -148 233 990 391 -977 137 419 540 -85 209 55 406 -687 977 -855 -272 643 -57 -331 645 113 -819 825 379 46 -294 89 815 -536 41 350 972 38 -924 387 799 683 -508 97 -811 -258 -707 -182 592 -336 -422 774 572 355 107 507 -939 -107 304 -273 484 -155 911 -728 -427 23 565 273 398 -765 -366 -22 151 -85 -126 -223 -476 766 376 786 133 -344 888 591 -313 174 -452 -485 -511 196 668 -45 -619 -843 832 88 546 
-286 327 -937 -816 -75 901 6 -67 -647 -694 354 -751 663 -260 195 -404 -397 590 -497 -753 -349 211 -112 965 484 180 -346 -616 -771 268 -557 -968 90 -453 503 454 -223 60 521 323 -384 779 -675 916 -850 -608 -436 718 817 -973 633 537 -707 182 -949 -649 645 -995 626 -427 904 -875 -668 -980 813 792 572 868 627 -131 258 526 660 -120 -580 -3 -959 602 -191 -524 -403 625 -64 -257 -445 156 -451 -123 954 229 185 -884 114 -747 -673 -796 4 970 681 -550 -838 437 -989 -668 -522 724 -160 -583 975 773 -655 -951 346 970 -962 -596 
162 893 611 -608 482 223 558 -496 -331 791 279 718 -337 563 788 652 729 -93 42 534 -490 629 -647 555 -176 92 416 72 -458 7 -571 -194 -977 796 728 733 351 -776 -218 875 852 -1000 763 911 577 -745 93 -876 750 535 662 568 -216 896 -590 -108 -323 296 654 -777 -343 -441 -720 -642 -300 255 270 -128 -945 439 -956 68 514 553 123 -378 544 -384 281 -418 -4 -833 974 -897 -418 -231 -39 59 -317 150 60 -429 -761 540 479 670 -578 -134 902 283 916 -362 -397 -612 -169 999 326 -571 312 -30 315 73 -912 -454 -169 -169 
-122 -249 -355 828 745 822 66 -815 -14 -220 290 516 -927 165 371 -41 -390 -717 857 -562 -969 -496 -676 -295 -130 -977 -868 128 777 605 -909 467 262 442 -364 496 598 768 229 -325 153 -409 728 -241 -754 660 151 373 -12 -333 807 824 -329 33 819 -82 -45 -325 -706 605 579 850 72 139 -885 555 206 360 -772 -156 814 -540 -410 524 -475 -748 -537 -613 531 184 113 585 -373 -268 368 -420 107 -883 981 361 -520 -316 453 -408 -873 634 -187 20 213 -646 768 544 821 -54 -992 -200 -761 -437 473 -531 725 863 -824 -112 -20 87 
-31 941 -837 -747 633 329 -29 268 -278 793 -474 989 531 209 -440 -124 955 -461 115 943 788 786 -783 -581 679 392 328 -687 -957 728 370 267 424 923 646 660 687 -101 -259 200 -232 -238 -215 887 -421 -73 -644 -469 690 -181 -216 998 730 83 896 318 -199 979 -623 728 -468 -435 -744 -938 413 591 -676 -364 639 -533 818 -947 -429 978 -414 -613 931 -259 134 -260 637 605 -786 -501 -830 -682 -862 258 -101 -725 129 295 -123 -123 -852 -17 -644 -560 464 -788 -547 -797 435 -647 -579 -355 -54 -445 270 522 486 -823 577 -499 540 -817 
-715 -669 105 669 -931 125 -917 772 924 592 369 795 -119 -636 468 951 -448 -147 -101 -427 260 208 -943 -78 -309 -925 896 32 795 -918 -211 749 -277 782 244 -474 -255 -935 -645 -982 470 697 702 862 394 425 -405 -891 908 -622 -360 168 -236 -243 572 556 -479 -965 337 536 -108 724 916 696 934 -572 -294 407 -967 -717 -384 383 308 919 789 -284 970 -769 260 -800 449 465 -227 -499 -651 -232 -32 22 770 509 -871 292 59 468 -334 -207 983 -623 410 -920 536 774 93 -635 165 -834 -882 -455 809 778 -493 -687 -811 -872 -336 978 
-695 -28 223 609 773 -374 -716 -909 349 -380 854 498 410 400 -371 55 -562 547 301 -101 -520 -348 -773 -372 279 732 150 -105 264 -270 -167 865 761 639 -868 -172 -199 400 803 -785 293 -500 170 869 770 -845 -889 611 100 14 275 177 884 900 -649 432 506 383 32 943 -113 -936 834 -295 277 -291 497 -723 711 -970 48 30 678 580 701 527 -750 617 -340 885 922 -823 -579 118 409 -352 -984 656 799 522 947 716 746 863 773 332 952 -443 956 -615 228 -23 461 -165 -361 -131 -17 -393 261 697 -14 -685 -39 937 -871 583 
208 480 888 935 -458 -680 526 -324 460 293 -768 -448 -212 113 987 -449 107 23 325 197 366 230 -460 908 -499 888 -627 -296 714 338 -552 106 -902 554 -800 672 -910 974 -770 -634 -439 -209 153 686 -647 348 979 -67 -22 20 -383 -269 -993 812 -179 -561 -117 -177 -514 -555 -252 258 735 -17 306 936 489 463 -966 708 -47 899 -696 -957 785 -914 909 440 738 700 894 -562 12 -66 661 -465 -64 614 870 -422 94 -510 622 658 -797 719 -725 725 -672 655 170 529 102 719 105 632 639 95 -677 69 357 -285 -917 621 52 -797 
255 432 -289 15 -817 -166 -36 -571 -259 -637 -431 156 380 -207 999 -383 797 644 973 602 143 -622 -493 -946 -546 272 579 977 -132 798 157 -607 183 191 -928 -14 96 514 -458 -270 -328 476 -402 686 -351 -422 -265 795 -810 -101 -157 -683 263 -69 -93 -570 -477 144 -861 225 548 -17 384 891 608 398 867 605 -646 560 592 -557 501 142 -715 -792 637 593 898 -731 177 488 548 -245 208 -966 502 126 685 384 -140 217 648 -480 -431 836 479 -277 642 382 -406 -775 924 867 560 759 -696 -544 516 826 -297 164 -348 971 -124 368 
-98 372 -387 819 21 -848 398 886 944 167 256 -566 -709 599 788 196 985 -197 750 -32 971 410 -341 245 92 292 -345 -687 -498 -264 -274 490 -523 267 -806 -924 461 -921 -870 -675 539 -24 698 -745 -303 786 704 -138 -252 -511 580 -22 468 -612 -113 -188 -529 -231 -948 -272 -602 693 664 -892 333 -130 545 -592 416 -322 -476 -190 -72 -552 960 -142 -289 885 -812 -236 454 839 641 277 433 -731 -749 -970 711 521 -939 287 918 603 -269 -283 415 -77 259 666 594 -69 450 -650 -416 -671 -688 -1000 821 433 -582 -815 933 321 -931 216 
-957 904 -474 748 -107 -201 846 -83 -522 309 -973 -590 937 -110 664 -534 906 -755 -981 443 866 -489 -88 -944 -801 -652 -637 -540 632 -108 9 534 -677 -921 -571 419 352 -279 -534 -720 793 560 -217 395 -715 954 -387 774 -334 528 82 376 -71 -291 92 -929 6 -969 488 979 829 -85 344 -778 258 977 -795 769 710 -940 -729 971 -870 639 865 -104 874 -868 -99 -797 663 -717 -834 967 756 610 -112 274 10 -789 969 145 972 917 -611 528 -701 702 843 -469 615 65 -79 -198 -613 368 714 -415 -521 484 -322 -393 -787 441 -631 -258 
-629 -641 657 962 894 655 327 300 80 664 10 -196 675 510 -763 -505 -678 -478 198 558 -935 261 645 -345 -913 14 -835 879 -232 321 69 -123 528 494 -99 -976 -60 545 151 -705 50 -204 523 502 987 997 -491 -584 857 283 145 -860 -325 610 921 -31 -91 -113 866 -564 637 524 429 860 -256 380 -465 66 -178 -18 -143 399 -800 864 441 -589 -21 141 398 223 -262 -838 511 965 -506 192 -901 -745 -160 359 -85 -55 -717 566 -950 -645 -160 96 304 669 511 -531 -195 -973 -494 -669 918 -372 -229 -252 732 -535 -865 318 181 315 
127 -927 -565 -22 -103 615 -926 -77 241 -741 818 -610 -395 670 -737 -379 347 -739 778 -982 325 991 -865 898 -320 -848 -288 53 148 721 -122 695 -682 -958 -219 742 -489 258 -393 820 348 -32 409 627 220 85 30 640 742 522 -603 -381 -509 159 -80 866 925 204 168 -757 -926 173 611 976 726 -599 927 -626 621 -494 -768 -765 846 -142 -193 754 630 712 614 490 930 -810 -262 283 -457 234 -850 -915 61 272 -564 -398 860 681 110 533 -686 -324 269 -483 -144 173 925 469 -903 -532 898 -267 303 389 36 662 802 -844 -609 -492 
-345 618 -883 218 971 -157 850 207 199 -663 579 16 -766 -175 -46 -341 95 -829 -899 839 205 -386 -853 186 -428 -263 -916 925 -862 -622 336 527 651 -111 -928 935 658 -633 449 138 -839 569 -576 -323 222 717 -930 804 267 988 877 -24 -918 641 54 108 989 978 -817 -115 412 686 66 181 511 -967 953 -424 462 863 123 760 -461 757 986 96 -626 -518 388 628 -570 860 -434 237 -790 -179 178 70 164 402 947 16 77 309 850 27 409 -826 992 -337 -422 742 -396 575 -541 957 148 533 -461 -365 -323 634 -590 -201 749 -700 
241 -461 113 -907 -842 442 -668 358 959 74 -657 -287 911 -659 -809 566 815 -854 674 206 -955 769 289 66 -846 -458 489 641 832 -211 -380 586 265 966 832 -205 -52 802 -714 705 511 650 681 371 99 -423 4 -66 365 -265 -770 -446 -543 846 216 695 -655 -360 -667 -662 -765 416 797 116 926 -896 972 528 -330 -59 -261 460 -243 490 734 -546 135 -804 -560 207 -599 196 274 380 -206 381 -225 843 -36 107 -933 831 855 898 -648 -369 -276 -224 765 439 -670 -453 -514 -826 -942 621 -112 -605 334 -761 -675 -334 -543 -897 -798 308 
432 383 -614 -430 152 -522 -124 16 -787 971 -608 736 522 -928 -177 288 -297 24 -985 617 11 399 -727 -244 -635 -676 280 -45 -973 -267 744 -625 -281 785 595 -430 -709 864 34 -713 -297 -170 -196 603 -807 -122 832 35 -170 -108 -745 893 894 435 -844 413 103 -876 406 246 515 -357 954 313 -372 631 -637 398 -887 -43 506 879 -92 232 -791 325 997 -79 -175 423 -853 -560 837 317 256 791 -286 -862 724 -14 -42 -155 -558 6 480 215 -557 -459 977 634 -194 131 705 950 483 -648 960 0 -231 -294 165 -301 4 -2 208 -594 
-724 -39 -562 -641 322 -85 694 307 744 199 426 650 395 91 -615 -132 -638 -635 -798 498 -775 239 106 -623 -221 190 -344 45 -21 -520 214 -464 -116 824 -452 193 245 909 -359 179 -111 -512 228 -553 -699 101 -596 651 278 71 -641 442 -486 546 -848 -957 -529 -399 755 92 -993 100 -182 -317 -530 302 292 411 772 685 350 891 641 337 -717 -919 -78 393 -217 289 -345 697 -619 680 608 -619 125 -312 799 610 -764 840 569 -682 -774 260 596 -837 -335 -105 629 604 -61 681 -828 354 -672 699 -841 -727 668 -482 -409 -350 450 -554 
-774 849 145 938 -955 834 -322 -823 -803 -771 -39 -480 -187 96 -75 397 -102 660 222 23 -319 -429 -202 426 500 352 130 173 -225 -752 -112 -727 720 639 -502 657 345 996 -481 502 611 -123 -462 -704 -806 -140 61 453 493 651 -440 -197 -302 629 -511 -163 184 735 -805 911 675 915 183 2 -48 522 935 785 843 -1 -680 514 832 -743 992 696 -165 -604 -928 803 506 -280 140 769 797 -702 303 -157 73 -485 165 890 -703 -398 -556 -206 -34 -669 -63 -447 -638 648 720 3 -134 -773 219 853 -637 221 428 -545 672 -261 -836 -918 
956 -518 -586 -422 947 408 -871 569 720 503 594 402 136 -153 -520 140 -890 -96 -359 -171 619 -107 205 -974 -69 -462 31 -81 921 -565 -595 49 642 -665 327 135 -571 -893 896 597 551 -830 949 510 -495 512 633 10 -105 -70 -116 447 -328 964 -97 82 -186 -271 -338 -808 291 -547 -336 719 -721 -35 943 429 772 -293 -821 448 809 504 -251 -654 178 -989 -203 -350 333 259 566 39 -509 625 803 378 784 957 874 -471 -348 -409 110 -891 228 886 404 -48 436 -419 -544 -236 -279 -392 -363 740 378 708 -118 686 -191 941 -671 -634 
-126 -719 934 -209 -406 -481 -467 -114 172 -491 -653 61 908 -916 623 -433 485 491 -443 -221 -937 624 817 381 -702 833 -222 242 -405 -582 859 702 600 560 -780 -552 517 254 -488 -238 525 891 808 779 -49 424 -320 597 582 919 -331 811 511 19 -998 -809 685 -166 -772 784 -149 199 871 -892 -835 887 -201 793 -36 -624 -507 -993 359 762 856 -755 -598 782 -663 -539 320 -994 633 -65 -121 466 -707 -974 390 961 -638 387 140 -232 -258 374 778 -831 -138 155 -428 -336 953 -543 988 -428 450 198 -156 400 -667 417 -789 -815 -885 689 
-149 309 -245 808 410 788 -741 14 165 -124 -49 507 701 -213 843 900 21 -161 505 -214 11 370 65 415 42 678 868 -593 -678 -860 911 -65 -235 -920 728 -474 -306 204 -847 -74 -117 -546 -84 718 214 -811 938 598 -72 864 -812 -304 -293 442 187 692 46 -435 -740 -675 525 526 -422 -278 -224 -3 -708 -58 180 4 -141 -836 -808 12 416 -396 14 -60 -994 -146 951 206 595 209 115 -931 -147 68 -68 591 -689 567 368 615 -500 731 402 -352 504 323 -190 225 -291 -640 843 852 791 -93 -726 828 252 881 75 841 872 34 
179 993 -29 202 320 30 -714 -389 704 376 23 -317 -271 -98 108 449 -549 637 -672 99 -425 -941 -842 -117 -475 -241 118 622 422 -46 425 662 -14 -366 535 -435 -924 521 203 594 -447 158 -931 925 -838 -915 897 590 68 353 -588 -303 -824 -679 335 -223 -631 -836 404 158 -469 -49 975 192 374 -313 149 129 452 -943 -234 758 712 937 740 -961 660 168 979 210 730 345 -791 -639 -214 -304 -271 894 -500 945 566 874 815 -463 338 632 -733 430 -574 -300 582 -765 -536 -188 -382 -755 78 -550 510 -300 -208 644 61 -350 -18 661 
-745 335 -610 -432 486 -473 -242 623 -803 501 -74 990 968 -791 206 -800 275 229 -342 -479 -268 650 -789 338 -282 -418 -112 845 770 -21 906 -471 -660 868 853 -410 -719 -945 211 787 -145 979 -526 44 682 -309 972 -218 677 650 466 10 -597 49 493 -628 -888 -204 -58 551 246 -964 433 -948 -432 -870 610 727 762 -583 -691 -149 -74 133 -450 -521 536 694 936 -708 779 -574 -159 -443 -141 599 28 986 -439 799 3 758 987 507 -743 97 2 352 -299 332 -870 242 673 -971 273 -478 -310 -683 -188 -213 -343 -329 552 -966 268 -391 
-803 594 -140 -855 -995 -706 -54 463 606 515 591 402 245 -488 359 359 -882 -257 -861 595 945 350 254 233 915 -606 -439 -868 815 -635 93 -222 722 -25 411 -483 -368 -163 -76 -128 492 -863 944 -23 56 -938 -355 281 -961 81 -686 -341 -735 -871 826 671 -599 -630 -518 -85 -11 928 282 319 161 525 549 549 -339 756 -165 173 602 522 211 -661 -40 276 719 -619 377 779 -999 -129 -265 -794 -610 -579 385 689 494 -553 167 -70 -477 229 397 -380 -933 -56 -229 647 -653 -549 720 221 386 350 -994 -175 -80 -368 117 -620 -310 735 
-824 -401 135 -18 126 282 759 -743 -351 784 159 -602 65 45 614 142 -906 984 -935 969 -263 -658 -162 972 478 -740 280 -859 -68 -353 -156 965 989 -346 275 -370 -737 -731 100 60 170 -944 337 -578 31 220 -553 -52 282 -33 -219 396 -366 1000 -393 769 -247 655 398 589 607 846 -311 384 607 226 247 517 605 176 -139 73 698 671 351 341 999 -837 -898 -144 -969 967 126 -138 514 -456 -605 -323 643 110 569 518 -929 973 442 -200 20 859 -637 190 -341 792 266 -142 69 733 -332 -294 390 -785 69 -409 -76 706 126 -157 
-533 797 -881 -26 547 -873 160 364 291 994 653 347 -452 -106 995 -952 346 -454 -560 -428 105 -600 776 -413 687 518 452 142 897 657 473 -918 7 -417 -144 -445 -685 -976 913 -841 -855 692 -756 982 -390 -654 -469 526 857 -763 571 -199 -671 -807 108 351 -234 774 -287 -853 419 -970 -159 -283 711 -1000 523 -322 223 264 -712 -157 -971 188 -169 399 -191 -589 501 668 -834 -963 -301 -152 259 -391 442 961 -925 561 -965 -506 -393 414 124 -985 -410 943 -463 431 -89 906 -403 -631 -558 837 -575 995 473 -374 444 992 -438 -321 574 450 
801 588 -879 -857 -406 -746 495 -715 748 850 111 -179 -105 -512 -911 -131 -947 680 -214 -110 -875 -842 998 -700 -692 -759 -641 -893 -708 13 -294 -447 -589 747 372 535 637 263 -676 -244 -410 -607 -5 -489 -554 176 520 965 -918 -723 -269 13 598 546 -770 735 606 987 -292 -807 -212 -638 -738 974 561 -661 867 147 476 650 -115 657 685 703 929 -372 469 -801 893 -502 783 283 7 -37 953 -238 -706 -429 38 -439 -250 967 592 -519 -116 -540 432 -918 293 -486 968 -659 -280 867 -841 -149 383 -192 -811 115 836 -886 616 659 -892 -749 
453 -65 -762 -114 -209 150 -249 593 -948 444 669 -67 -158 -619 -198 -263 619 505 -647 -215 97 314 -750 -339 909 -226 -224 -980 -180 -97 -338 -252 527 26 -47 144 620 -352 -90 353 849 -793 -197 425 617 -270 -651 -588 978 -764 -41 925 200 -956 508 693 -594 -791 -404 -93 352 845 -77 726 251 -49 283 644 -586 -560 -30 -481 45 90 -288 -666 595 -849 14 283 -677 -34 -932 -605 -933 -579 -300 -593 -183 -692 -523 416 -378 -844 -293 -245 734 25 267 -501 -80 790 141 -101 -597 -631 -584 -464 -16 442 -951 898 515 834 89 110 
-218 285 602 -484 461 -86 768 268 675 -507 179 -627 862 696 663 497 -794 -297 -348 -661 -265 -256 -777 -327 -156 919 142 77 700 -453 -699 303 451 -411 -338 -224 -411 -116 786 -530 804 -299 420 -604 -443 738 741 -741 -990 -333 -472 221 714 567 -703 795 -468 -338 928 534 -779 -444 -453 -488 -932 -140 769 669 -965 424 -595 -584 201 -969 -794 -85 723 -182 -480 792 329 -95 156 -805 539 962 262 712 898 195 -980 -317 -542 -105 573 -35 -577 173 -208 688 -773 -403 971 997 629 865 403 957 647 505 -692 -452 857 -171 -54 982 
359 -908 -66 -967 186 -632 -606 532 200 433 28 475 -650 -416 649 -595 996 646 677 417 -890 -909 -306 -789 -596 903 -159 774 -843 306 402 -227 -193 -867 -482 163 737 604 961 -5 452 -581 -695 787 595 -364 449 -583 532 415 -876 918 -116 922 783 -76 -729 887 -972 549 -668 -519 938 -711 483 128 -607 860 -982 -465 -718 296 452 975 -157 695 -606 -346 646 224 -102 -45 -193 -856 -156 210 3 409 -602 593 63 -585 889 -620 306 26 690 -895 -648 -78 216 624 -219 284 496 755 201 985 -955 74 595 -647 -430 441 -66 -448 
349 -757 -69 -902 648 -393 495 1 -48 -86 117 -197 847 979 -154 -489 -551 -215 603 -725 -96 929 29 -272 -584 772 614 -754 61 650 -867 439 135 287 -193 -482 -416 886 -959 -470 82 -949 -601 943 -675 -607 5 157 -861 283 -270 -439 598 -724 803 358 -691 -563 -957 -436 830 -447 531 -539 -855 -221 293 -353 732 -262 -244 471 635 642 326 80 -356 -407 -21 -23 855 743 -936 -808 -216 111 -921 399 -506 -280 899 733 988 -472 982 822 844 485 163 -263 -230 -516 -442 863 919 -267 -891 -146 594 -347 -432 883 742 574 725 -834 
-559 -419 -807 -203 -749 430 -382 712 609 -955 202 -206 300 143 -316 397 -884 55 582 291 991 745 -379 747 -684 740 -172 -813 -514 -973 -335 -53 80 -184 915 -51 309 166 691 -238 769 -300 -898 -913 -623 827 -543 -606 1000 -446 12 32 -496 92 -181 736 620 258 -658 860 -246 -913 48 126 67 718 -310 405 -592 961 45 -311 246 -526 -932 536 192 -383 -40 -516 -302 415 846 757 176 -411 -138 -179 992 -34 98 656 -343 -531 696 -394 -496 35 -636 -406 152 -477 178 898 16 141 -859 -357 600 532 -800 -229 739 -825 -742 -51 
15 -125 -419 -905 -873 -203 -663 -163 598 845 -202 -774 -187 244 26 -375 380 -209 613 -866 740 -600 581 95 522 778 -756 -991 359 460 856 233 -282 -661 273 172 863 405 -817 -51 644 447 466 758 -665 341 -673 -318 -291 152 -767 616 293 675 -707 -570 186 653 -156 491 436 -331 -858 133 -369 541 -825 78 395 20 592 384 -349 -995 -852 -952 -862 -588 811 868 130 930 679 806 436 -29 -897 -367 -4 -932 -483 273 748 874 -667 -791 -829 -172 -466 -155 -875 908 -830 -658 569 133 -109 292 -634 57 713 -325 -642 825 -925 501 
782 -417 -604 215 76 432 -841 82 116 622 590 -120 229 -651 526 -902 647 310 23 357 -6 207 355 -168 -643 -199 -396 358 -587 -832 880 723 -179 769 -499 853 -565 -75 210 253 -952 746 873 -251 961 -583 547 -146 -209 -495 -24 500 -817 319 719 -213 345 -513 -845 590 780 187 704 426 -679 -737 716 402 245 121 -232 -998 -893 -994 -230 -800 -274 -761 975 242 -804 -995 -891 145 552 978 -188 -551 -859 -971 372 910 -150 213 -706 -232 54 456 -322 -577 -453 540 314 474 -368 856 27 -656 -185 -573 376 -519 -42 271 -696 684 
846 -407 -922 577 659 -140 -535 100 -655 693 -226 -861 924 668 391 -294 270 -624 -977 -357 -425 -372 -297 -450 121 -615 -43 340 -780 -645 -241 991 721 354 -671 762 178 589 -289 0 965 -959 -113 -279 -361 -4 367 115 205 437 -826 547 -994 -236 -702 -256 -728 -977 951 -894 -95 -837 -677 113 -117 -602 460 -688 441 -798 -832 480 -454 726 593 -903 -615 -289 95 -655 -931 -279 805 -897 -497 -720 236 -257 -444 312 -700 -52 -370 -435 -719 624 160 943 -46 962 -341 809 -728 -127 502 -144 -117 -212 308 403 641 835 -604 535 514 -719 
-186 695 728 570 -340 -416 -677 826 634 -475 -709 -563 -404 820 982 707 670 382 -349 597 -189 878 -362 614 -179 -232 823 -456 512 -349 -252 563 604 -664 570 436 514 981 -545 43 301 -365 194 463 211 -809 591 868 -879 -72 58 -173 -245 246 -228 -817 520 -662 926 622 -12 434 -493 478 579 -570 -205 681 785 -920 -758 -234 917 -319 818 697 -985 -854 714 279 283 -489 13 -709 656 -513 422 363 -54 565 21 855 -983 610 -801 -780 334 -216 573 -161 -128 -536 952 639 797 282 131 -402 -471 537 488 -667 34 -281 -681 -527 
-316 -775 255 438 369 952 -437 -359 -70 -410 576 -656 61 -525 466 184 214 -224 635 -355 -771 78 -502 -292 -599 340 925 612 514 -530 -955 -392 -44 273 947 474 142 -769 786 -289 -439 -569 296 -878 192 359 538 -503 -322 162 889 -983 -861 -245 -794 74 -738 -514 -438 -127 134 -530 272 -1000 -286 370 -378 -494 -233 -325 528 -420 -86 -315 -624 235 460 -741 241 -63 -245 261 575 20 -63 833 -563 -161 -460 568 558 38 -643 -238 702 370 487 -733 -873 125 -788 226 90 41 997 -759 -257 -760 354 51 253 984 -228 -421 -291 -978 
-825 -447 -162 902 -431 -176 793 -696 959 75 484 -298 976 -193 179 991 952 969 67 746 961 137 621 -414 819 -752 -95 -907 869 -736 81 -481 -546 -48 -233 -953 -814 -992 -952 -878 -766 762 -935 879 832 -114 -483 -626 -833 253 -359 -960 81 -955 -426 -92 -374 935 -716 289 203 786 43 -193 733 919 28 -553 -240 -220 363 -660 -641 -970 -46 95 738 -90 609 -43 -150 -100 755 809 -720 755 637 381 -145 431 -677 788 887 -386 -684 -755 438 761 350 -534 -390 511 -540 -944 96 406 -671 -575 13 21 772 -286 -581 905 -498 -11 
434 -782 -413 -932 236 -809 -375 307 -437 -96 893 236 -903 -224 440 -621 387 -73 -437 957 678 -188 -421 -675 427 741 896 416 -67 -247 -409 -505 124 869 754 848 553 741 -316 -424 -421 -32 -790 315 894 -797 -557 183 83 -41 426 676 -53 -262 -680 -626 -682 -679 273 -420 581 -380 775 303 100 -65 -281 804 -41 -712 723 215 545 372 679 73 -403 -606 239 -746 -739 -101 -825 -543 -358 527 176 -659 156 976 -81 -876 768 555 -945 124 486 977 878 572 -454 -809 -531 -199 -59 152 -162 -825 393 245 -135 -345 -51 547 706 -327 
-690 811 943 719 -341 -837 963 -772 -764 -908 523 226 -959 -629 -131 389 583 -181 544 -323 461 -424 -50 -433 740 -836 -543 -78 198 -526 -795 -448 204 305 -933 993 957 519 -737 -372 146 415 955 -630 770 511 -530 -626 -2 74 629 -288 700 -427 223 -7 968 663 252 497 -843 437 -546 544 -454 488 989 923 -506 -291 355 393 -884 910 -919 -107 -322 20 864 -601 816 370 19 657 75 -211 -139 120 447 -950 -333 946 604 124 -533 -706 340 -421 -285 246 -460 305 819 526 -600 -252 -62 -326 984 -788 577 706 500 -495 -790 551 
-955 135 -486 -616 920 -459 -735 -141 362 393 -277 992 -69 -657 -288 -285 -84 -838 282 -442 286 481 -646 -588 -485 -294 -380 298 418 -496 24 820 -768 677 284 -711 -671 -806 -727 145 424 248 787 601 -139 -883 -695 72 -395 357 729 81 -369 682 -785 64 563 860 -882 -573 145 441 -275 286 348 -423 107 -29 -857 35 952 -879 -320 95 -367 589 -588 398 717 -727 -956 225 626 334 735 -733 -456 -53 360 36 -378 -237 -907 -53 965 99 346 -223 -207 -602 -379 -894 731 359 701 607 553 645 -341 -187 -921 -274 540 -645 -514 433 
-567 937 1 -504 777 633 924 -441 750 -146 -303 -889 -338 -897 -307 -968 670 -182 -977 293 -74 -189 -668 834 690 751 315 120 673 -51 -529 -8 -143 790 543 -632 679 -404 991 242 583 446 679 -765 -55 -309 -887 -125 351 691 387 -268 506 979 249 -882 -711 485 479 155 343 422 13 -408 -158 -554 636 77 89 395 -527 271 -844 721 -172 -543 -129 621 13 718 461 -928 -692 -951 582 344 743 644 -378 -167 782 -362 452 841 -268 -713 -760 204 631 628 -1000 451 -308 -876 -839 -405 609 -54 -767 -941 -115 -794 -404 -555 329 583 
-297 -392 -575 -984 262 -854 -215 -420 -997 66 123 650 74 -969 -630 -390 -368 212 902 50 528 728 545 -272 536 27 338 985 -754 797 413 624 537 484 -587 -791 -432 824 144 982 940 -573 387 298 -859 81 -560 -866 -984 400 899 846 -780 919 -327 982 277 -534 -725 -94 -836 841 663 -635 859 363 534 753 905 -398 -904 -861 -382 246 -863 468 -183 93 -132 585 -685 -621 185 -938 380 -338 -173 -458 814 976 750 788 347 -264 -474 837 -620 713 -715 251 366 -318 -345 916 928 -674 -877 -800 -436 -53 -60 110 517 -692 36 445 
-65 776 -130 -450 -505 -522 718 -708 656 -913 -406 773 -75 762 731 812 -14 -731 805 384 868 -714 145 828 -928 715 -144 -992 822 454 756 -660 990 -541 581 373 268 -503 408 402 529 338 -127 394 102 -948 826 -366 -693 235 199 604 -86 713 -257 295 979 19 189 -54 -941 -109 238 380 704 421 -848 -308 260 -158 930 382 553 -602 -445 -180 -36 976 -304 -451 -233 695 -238 -471 -712 719 -797 -246 -554 741 -995 30 -38 -598 427 886 -834 928 -653 666 95 980 602 202 -472 181 187 -60 594 859 -48 406 208 311 -859 -283 
-846 -729 -974 706 -697 77 -739 -878 890 -776 617 821 416 133 401 495 793 549 634 -984 -782 -1 518 -131 -153 -781 -788 498 -150 -122 -433 579 -756 264 -568 -627 111 -756 92 710 -561 -154 194 -545 313 -324 493 974 -926 956 520 -146 -894 800 653 782 -967 15 859 857 746 -177 -117 462 -815 -467 -278 -48 -988 -727 537 -966 836 787 -669 451 -632 591 543 -406 -26 -534 800 109 -972 572 191 -28 -637 260 -756 -639 -711 627 223 -510 -467 729 908 -400 -1 791 -47 -499 -430 -434 169 -319 -183 -850 -806 411 -523 825 -308 77 
619 -742 -811 82 855 -600 -500 -434 -564 -128 -136 937 14 -349 -345 -780 -382 387 947 -898 -794 533 -495 -484 -681 699 -304 -399 195 -164 -315 -179 825 254 167 737 263 986 -28 231 -102 -762 341 149 -665 -801 647 539 -933 648 139 -913 -103 164 526 862 912 363 -932 -495 754 39 874 -421 -977 -713 -600 735 183 -929 -22 -527 -777 -175 268 662 -377 401 -369 714 -596 -240 678 -161 -56 -271 -975 42 -654 686 -635 -130 74 -398 -344 782 -509 394 395 274 137 933 -732 -550 -76 643 -216 936 -448 37 644 433 -461 785 282 -29 
-717 974 637 -527 158 897 21 -114 -641 -210 -112 -750 235 794 883 -808 482 635 347 -222 -859 -880 -504 601 802 -461 347 -766 207 9 -565 -403 -929 771 -35 -910 -405 -272 -790 586 167 447 -785 915 -853 -231 962 -871 -764 -290 -168 380 -435 -358 655 976 -533 156 -804 689 -803 388 357 147 -506 662 906 -610 -280 -587 -839 367 714 298 891 -333 545 -451 353 -566 -864 -38 987 5 408 55 141 910 -8 405 -567 -256 -775 -242 -865 272 564 -388 403 -152 -94 -513 -66 -386 481 -850 615 819 603 -90 558 -86 50 442 142 -534 
-125 11 -343 -46 -572 -303 77 -758 232 62 -671 441 985 -377 -749 691 -368 814 717 830 130 767 -795 483 -143 -196 218 -517 -229 957 508 542 -874 570 -64 -172 308 -802 -461 -918 -441 -459 -235 405 179 -190 -116 -730 951 -728 -853 -336 -840 -760 222 -616 741 -465 107 -243 -197 668 901 -771 -273 718 476 -560 -83 820 901 -239 -491 -767 -606 190 241 -11 -303 -287 -890 831 173 161 583 739 710 -717 -800 935 -910 841 -351 65 -871 500 -556 67 824 12 -101 -567 399 -391 712 343 313 -158 -916 199 659 -349 505 20 -278 -565 
-659 -697 882 -764 296 692 -439 -881 981 -33 -956 -871 -481 511 299 -18 539 479 -621 925 -846 -236 431 -969 -495 -586 -286 -111 546 -494 -226 443 18 -262 492 -518 -884 345 764 -910 319 159 714 271 935 56 339 106 321 388 -742 170 815 -54 922 -482 71 -392 124 115 10 -686 240 -872 158 -995 -776 721 -402 -719 164 474 -142 -286 -643 574 658 -72 -318 75 -43 -950 657 -554 -6 -22 315 -924 363 662 567 -501 203 758 -771 81 743 806 -123 -696 -517 843 -166 533 134 -350 272 -72 -286 960 258 799 -500 -367 306 610 
-77 729 621 342 -979 253 431 792 570 -747 -961 987 -774 -621 -738 -908 -116 -573 562 498 -749 239 -106 159 27 -263 824 936 632 541 -429 659 -786 -978 100 691 -158 459 -598 190 808 903 -809 -566 653 715 -599 -638 488 -480 727 -448 -252 -707 919 -851 857 331 -698 -279 988 -421 -230 683 686 -680 645 -409 -352 -825 -851 -125 875 467 -629 423 501 777 741 863 53 460 -695 746 -992 313 -849 133 -121 356 728 629 958 -218 677 -274 799 740 -981 962 -15 -570 -733 -202 840 -37 -60 589 -141 -783 -630 -576 -717 -908 302 -438 
69 -635 926 -431 -38 -771 -776 192 -683 601 -591 -497 802 -440 282 -893 -569 763 861 -557 124 475 832 -875 816 -86 -924 498 293 628 38 -842 439 659 -705 340 67 -541 -546 -781 133 -149 340 -925 902 -60 725 268 -622 752 -220 776 749 894 -553 39 -857 -584 435 988 575 -999 832 -857 -934 489 184 -675 -946 145 -542 -324 -191 -747 -803 -10 874 204 -660 -617 819 923 -279 -39 408 767 753 -429 -842 392 82 431 -533 -997 -609 390 30 -389 -690 -962 -856 977 -955 -65 32 426 8 -940 773 938 123 414 733 727 -480 -173 
860 -471 -244 191 -167 121 -403 325 66 -733 -944 -988 -25 -180 355 -790 980 579 161 -746 -215 -652 801 -853 468 312 -43 443 -561 145 707 -590 -901 -866 35 206 102 -303 985 -61 407 559 556 -509 -809 -485 83 -449 -771 -674 -85 -121 -206 359 530 239 -132 -19 -179 -475 76 -712 -110 57 745 -219 116 -174 -532 470 371 -553 -619 -120 -986 -457 6 564 978 177 -69 296 254 498 -282 -256 762 -771 -712 -432 505 117 303 -871 -64 -485 -172 748 -185 483 191 -69 846 -854 865 223 865 -386 -871 -512 -241 767 -993 -199 850 764 
712 656 -176 -580 -402 -307 154 386 -899 717 -704 226 564 -237 -915 186 -119 145 125 -820 879 -93 560 -602 864 671 875 651 -507 386 -315 -246 822 818 -638 737 316 -834 835 -829 430 745 -163 628 -809 874 29 914 641 -100 -759 245 125 -61 642 966 700 1000 -507 -739 -246 -96 -572 -46 -917 392 587 -873 -252 798 -804 539 -789 -881 107 661 -345 869 290 636 244 722 377 198 507 -722 -697 243 789 492 -744 530 636 502 12 -841 -83 -891 -818 -751 -980 30 244 -839 -853 403 -844 131 -358 -790 -383 -645 -838 -435 -608 -328 
-677 -499 662 639 401 -185 476 -102 649 844 -866 701 790 -963 -354 -423 482 -646 515 602 370 -87 908 509 -279 147 -600 471 -590 -120 45 963 -86 -124 -898 459 -944 -32 549 -48 -11 319 21 -568 -561 -514 -945 474 -130 884 -573 455 274 652 952 284 538 -879 731 350 233 86 144 487 -765 226 91 966 634 -420 -885 797 457 444 757 -932 -325 -330 -56 -807 44 -745 781 460 -230 -587 260 -191 594 456 935 472 -720 -597 577 -707 -37 156 -72 -639 587 -375 -100 367 472 -838 -973 960 27 563 881 -857 703 71 672 522 
631 -114 -194 -981 -154 707 -391 -495 -770 -28 293 -328 -624 931 902 -801 871 545 752 490 -181 -3 -241 296 379 792 888 -304 -702 -782 715 -579 190 303 -711 156 831 450 -999 -908 -333 754 565 944 -251 -254 288 353 -33 553 -78 557 227 45 -621 -652 -394 -426 757 -25 -838 946 -791 -990 615 659 -390 19 -117 -506 -907 515 66 606 374 185 -151 -463 -740 388 -128 -437 106 -225 -639 -613 -562 585 6 368 -197 440 997 592 439 868 -233 610 -766 -186 532 545 -78 -14 977 46 -50 -651 -772 -581 -50 399 -438 -792 -382 -243 
932 -242 -747 405 -413 -419 779 61 -382 806 -94 374 -570 106 807 412 664 -531 -631 118 294 266 374 -467 401 -745 487 53 -820 658 198 -888 756 150 630 367 927 589 -457 995 -870 456 206 -200 632 -716 -265 96 816 -852 -88 961 -772 956 838 404 211 340 893 -197 787 -220 -348 153 448 -709 -13 -418 60 898 -938 1000 841 -471 -732 -175 413 539 385 -289 -107 615 -295 -50 840 829 831 -480 -658 -925 -763 -38 248 279 -889 -846 50 533 -959 587 102 327 449 -589 -617 -180 226 -987 -310 940 316 41 8 -499 359 -457 
-613 973 536 -330 103 818 -159 -670 250 -168 -830 117 351 -519 652 283 -475 519 732 -492 159 474 748 100 823 -168 -502 909 985 164 461 -527 -833 -237 782 747 -918 -521 -219 -928 208 -884 489 -833 -834 -384 -38 700 219 124 384 -457 -744 17 -859 889 -847 -549 925 313 -930 -811 511 -775 -290 -674 -252 684 -872 -97 -729 -440 -134 180 567 -957 -242 -427 115 262 25 -527 725 -729 903 -980 -715 -467 846 604 501 -396 -999 226 -91 -627 835 -206 -310 128 -31 344 -99 -765 869 -289 676 -136 -210 -618 -660 786 842 249 962 -763 
-140 504 546 947 -944 -101 936 -792 120 604 748 165 901 538 -531 -273 950 797 -413 778 172 -512 -938 118 206 114 590 -384 692 372 818 164 906 812 -11 -333 -520 -75 196 -439 -586 291 -267 794 596 173 -286 332 -476 -988 -397 940 -438 -442 -133 803 490 98 279 273 -255 668 -833 25 661 553 527 -923 482 612 981 634 530 -489 511 569 -323 538 -508 -731 -726 210 325 514 -51 131 -909 -44 341 -176 271 267 -500 422 134 821 385 188 -971 -6 -310 923 -884 246 339 -491 -942 536 830 -59 -63 -584 207 -977 -95 -746 
500 431 -908 -188 362 910 -805 85 845 173 361 613 261 -620 -483 -43 927 -833 634 -812 45 674 -552 -743 719 422 703 -1000 -468 337 802 294 -370 -227 -271 585 -906 6 -329 241 530 8 570 862 584 -513 -628 -269 -467 -330 379 191 551 -444 -440 68 -776 -371 -597 435 -731 -496 408 730 -287 454 -253 -600 683 -31 213 -833 -875 -712 841 -298 932 334 652 976 285 -912 -269 -338 -381 -402 -382 476 -346 -292 753 -34 -151 948 -1000 -294 704 -129 -456 970 -929 281 857 190 -691 -74 411 201 -488 683 -932 -821 45 126 275 -644 
284 959 646 -878 808 583 -290 -510 -91 996 46 -228 32 -760 -127 -392 -249 -489 623 546 -262 -135 713 345 -940 612 -179 -513 972 672 -268 -210 -340 964 -918 152 110 850 -809 533 200 -778 44 -636 -658 323 -351 643 710 -684 -46 76 -878 -340 884 -191 -402 -887 -267 -991 841 -615 -950 626 -245 275 -828 306 176 639 -370 986 530 884 -282 -733 -123 615 249 389 411 906 537 -4 893 228 -909 457 -695 -387 -767 -539 540 -294 -583 -782 544 782 -357 -677 617 -387 -519 77 381 -533 -996 957 523 -997 384 874 907 -489 -725 43 
779 341 -469 389 716 402 -399 -566 -632 -624 643 -26 402 -816 295 -468 -230 -832 -59 498 117 -772 -989 693 -816 -868 -509 -885 898 768 -490 -536 563 443 -46 102 752 -990 149 -193 -832 122 -126 -823 239 393 -139 -577 648 67 773 520 79 -569 -819 924 248 -226 -770 153 -487 -878 522 949 -93 -237 87 299 -31 -125 -669 882 48 -144 -446 -401 -441 -502 -599 707 -455 98 -23 258 -150 30 624 -402 -139 81 488 948 968 610 -832 801 -616 -364 476 -236 -214 -55 530 -846 -952 -642 -748 -672 -219 670 -631 584 -584 93 -641 -585 
-53 552 -428 454 -259 834 227 -513 306 -944 518 -332 -976 -470 -539 -903 -613 -589 128 -826 -546 -884 925 950 -963 775 160 742 802 -821 513 -12 -748 -106 -544 565 -810 848 194 -258 -350 539 82 -731 -479 767 -229 387 250 358 931 160 -96 396 -232 543 -340 -246 113 984 -395 -173 -892 -733 887 94 -894 734 -727 -375 634 -848 -435 972 -17 -162 -793 -284 -174 -478 725 -366 -358 642 766 -338 847 -274 2 -599 295 22 352 -988 -314 -361 126 24 -474 -785 12 921 944 -924 72 -159 53 941 270 -465 -181 -840 -107 172 710 -808 
-804 -129 -738 191 49 564 586 -567 -517 958 -623 -921 -242 793 -742 32 590 278 302 784 -766 -529 924 2 -724 -430 -834 383 997 129 317 -472 557 -697 150 740 -376 -379 813 -428 159 -37 306 688 -178 -953 337 276 884 193 -955 765 611 913 530 867 739 640 -360 247 50 543 -389 -809 869 661 84 751 804 -914 -520 249 730 410 -230 -679 -16 923 -349 84 -168 -696 921 -733 79 171 -300 -684 -404 293 260 781 -340 275 -435 -758 426 159 -395 227 39 237 424 -423 644 50 -487 556 -678 889 -715 -956 -565 373 617 96 
359 509 -783 -927 -704 -810 -17 633 855 137 771 -520 -10 681 -786 202 946 991 999 723 111 -752 -400 205 -885 14 -627 -250 710 -45 -452 27 385 -849 -546 -852 576 665 228 574 163 -781 -904 -134 584 14 780 258 22 -292 -586 -441 429 -276 975 -961 898 190 411 68 250 -246 -135 -290 -65 539 711 36 885 342 -576 -38 -627 -714 466 684 -752 782 330 825 -956 -664 -801 460 238 -674 -804 275 20 254 191 193 -353 946 -594 -724 -659 -915 -248 -28 496 -280 19 -842 990 36 446 363 712 469 457 -404 799 745 301 -494 
-482 -950 522 -348 -270 375 -389 865 849 -265 133 -478 -186 -120 878 806 -204 -91 -564 72 -122 272 -911 500 -148 462 56 -355 807 858 -31 772 -924 341 -511 -589 878 855 358 856 367 875 523 -695 719 635 -193 -845 912 871 -690 -951 -851 595 -312 450 -108 -193 -437 -397 -1000 -15 613 506 889 -237 -808 -682 734 242 902 852 282 -137 -372 617 720 -649 -655 -489 822 845 -994 -66 -862 -585 818 -988 -308 -643 -358 887 795 585 559 -869 -260 920 279 524 737 968 -513 186 -766 362 -834 -90 -287 952 -666 -826 -978 -151 -573 93 
306 554 194 41 917 -165 315 32 802 655 -380 576 29 -824 66 562 -243 -376 863 -182 -936 995 526 -115 -286 -205 -968 -147 373 -836 -918 926 237 -484 499 -512 -281 168 513 -123 -591 990 -217 913 957 768 -432 849 -477 599 -803 979 -262 -518 -695 483 -764 -773 684 656 -341 -152 346 847 -342 -700 577 -630 188 -637 -185 -588 -545 -924 -527 -10 -380 19 72 -274 795 185 -606 -69 -984 736 -455 -147 -789 -721 -503 -5 962 -538 -566 -605 -603 -91 764 565 -435 562 -123 314 -884 -225 -75 -811 852 634 178 -765 -160 -74 657 -63 
-743 -487 -701 435 279 -194 -873 237 91 -829 449 23 -910 640 -295 42 61 -527 -392 -422 -32 552 -716 840 -195 544 281 212 332 917 -892 382 623 840 -786 -216 -17 -514 661 -971 -7 127 248 -410 -716 -285 259 143 749 297 -408 301 -720 790 -1000 705 -307 -857 -820 831 -484 -946 -777 -848 51 -900 179 222 -237 206 -6 -354 236 -307 350 -673 -85 -508 -646 -815 -669 -867 -625 -351 -278 307 596 754 -504 700 -932 -383 993 957 -619 315 126 286 -337 -542 -574 67 -149 693 617 394 669 -810 -45 -286 116 180 -715 -854 254 -382 
722 227 -868 -344 -283 -384 -622 -418 248 -852 -901 -642 671 -820 -319 -679 183 388 148 -566 -563 997 -303 169 882 -475 -965 841 73 442 859 -182 -158 970 -822 -337 -883 -552 670 381 -95 -153 -175 -178 952 -133 -828 -860 -548 -853 304 -533 -498 298 -838 -670 -874 715 173 513 378 -951 728 916 -789 -388 -668 -41 -319 -38 -35 507 -906 -288 -296 561 -842 -486 -183 -966 375 -341 -947 15 -350 593 455 -90 592 806 941 -966 500 734 760 611 951 729 -224 -17 -618 -566 -260 973 -324 -351 -427 -156 -287 -967 -148 305 -603 -800 370 816 
314 406 633 369 560 13 510 661 218 -703 941 656 865 400 -686 104 -804 811 231 -709 587 236 -28 7 307 358 773 -142 -818 -575 282 26 -981 -976 -174 -476 372 397 622 758 -74 490 982 -890 282 -948 552 -282 -520 -435 502 784 420 -167 -698 -977 -789 -729 604 -916 -268 -977 -404 -905 162 278 -930 320 -824 -759 -923 688 586 -722 601 -513 873 967 150 -9 583 -27 299 451 -297 241 -545 620 -265 321 555 -615 -204 959 147 -247 -528 -937 -135 720 -378 -62 -530 -908 658 -471 496 276 -512 221 22 28 800 240 989 196 
-798 -523 928 -448 405 717 706 -446 -303 959 241 -801 162 -350 -740 -279 136 189 -157 226 26 -521 -598 799 -516 -783 -793 781 -306 -327 -409 711 595 585 275 -116 387 301 -333 247 -715 -460 -411 10 -975 602 181 5 597 -513 310 777 -188 -337 -895 326 -124 -681 -203 -218 -283 229 -980 -893 853 194 818 490 865 338 -552 300 5 -235 -90 506 -433 65 407 790 311 -101 883 -991 -775 221 506 692 -890 447 -890 57 -411 -166 899 -209 179 -460 -10 935 -419 168 -254 166 28 -312 147 -462 -142 446 -909 -809 -484 -130 -514 34 
945 -241 296 387 -231 785 -249 -92 620 94 -929 -93 163 808 525 -888 92 -86 699 242 380 497 960 -782 864 25 -438 -102 422 577 209 -728 -572 -446 -478 -581 923 -242 721 280 -441 19 440 359 275 281 816 -845 952 -577 770 -135 786 -667 523 494 661 435 224 -828 848 -890 990 574 -674 -486 -230 -927 910 -631 525 206 397 -245 -578 -2 -690 -932 -985 -632 -822 -407 1 526 -255 -163 169 501 415 771 544 679 -631 109 -52 144 -393 -787 390 -478 320 177 231 813 -179 -464 94 -141 -593 -826 417 -708 419 -36 601 -506 
-655 -708 121 -508 440 342 -489 183 -306 -404 809 -706 -363 -199 520 -656 970 -52 39 659 225 904 -489 602 154 352 -846 -248 -822 -570 657 40 770 -211 730 582 -528 367 -602 527 -684 -760 568 892 -704 -920 -654 -356 -275 -687 175 -679 -444 -849 -647 -284 412 -167 665 224 -670 -766 -331 -933 -166 82 514 -324 -883 64 -392 968 590 -464 -344 947 -11 -378 -556 625 382 640 -384 -790 -612 -968 -149 -678 361 791 -43 -435 -219 254 407 699 -444 594 -25 -725 937 -340 692 -953 413 458 -7 -155 -507 188 838 854 -69 -954 -149 7 
831 770 -121 554 -675 -105 -940 -455 -849 982 -323 -809 -852 -382 284 -785 833 864 -900 -660 577 -62 -116 -367 -384 448 354 548 -343 284 863 939 881 788 -852 287 31 187 -835 -827 658 -826 -112 916 677 -280 -15 -919 -214 -195 -565 621 -414 -584 55 264 -900 700 -306 -347 504 -853 -683 -475 80 -982 -375 -415 283 -356 -713 -155 628 -983 -799 -560 715 793 -853 360 -982 -781 417 -738 144 -270 698 132 224 774 -699 448 -781 555 509 -437 -161 -654 837 -9 901 666 51 747 -372 -931 -45 834 -612 630 -830 -104 17 815 231 -740 
-402 -760 -277 90 -594 -214 -639 853 172 -909 -881 21 -320 774 -796 550 -460 895 -367 -288 16 471 -475 822 -967 765 421 -610 518 24 -621 845 312 666 -187 -66 -97 -479 856 233 -488 -118 -59 970 -125 310 -397 138 739 -699 -595 -315 -813 -343 -399 -929 -211 -925 847 859 -753 200 566 -262 -290 -208 -153 -636 -717 206 -564 682 895 -685 -722 745 -875 31 -229 908 774 -687 -724 -620 -1000 579 903 -359 -678 700 -776 354 886 395 93 -370 921 -376 771 -597 -205 744 292 -526 394 -320 -944 292 374 -120 453 955 704 968 448 -446 
214 744 545 -387 -12 -196 -377 543 -390 -25 -460 -824 -8 -110 447 255 -952 -330 -916 -313 179 537 -611 -267 -119 -159 -441 754 71 -94 406 -4 -809 -34 -234 325 318 939 691 197 -333 -489 -365 -394 -137 245 -202 -237 -475 -980 -271 -749 947 185 -385 -220 349 44 -711 714 -592 464 -472 695 -381 285 348 -926 116 764 2 565 -388 -204 80 744 -449 -355 -776 853 959 -356 -945 -774 747 988 707 85 -783 270 -933 -860 -664 -567 -665 -932 -168 468 -974 -560 700 922 17 565 -775 -663 -436 -220 580 -308 424 771 439 964 -774 546 
-361 893 820 508 455 -339 736 -400 274 21 -198 -575 -809 -817 -92 484 -26 -925 620 703 938 -54 -607 243 -204 -116 -717 -931 -713 -990 556 700 -156 -144 184 -549 -732 -130 165 527 17 -149 -717 -630 857 -308 799 703 995 845 580 -907 619 -135 222 751 79 201 -614 -37 -402 -829 -674 -577 -60 -414 -771 -680 762 114 570 -95 899 450 412 -453 918 -116 799 798 370 310 604 -728 -516 539 -510 -401 346 545 742 897 488 -572 574 -43 -621 130 39 -523 -526 -547 851 -525 -265 -598 396 -665 -472 -425 -38 371 857 458 -325 -780 
-5 -69 399 -1000 -629 -558 -647 -598 -762 -687 -970 -983 923 -550 403 -598 366 724 625 209 -382 209 860 -787 656 -233 972 -959 -3 -280 543 477 392 581 -372 773 -819 -356 -914 -569 152 -633 -792 825 -798 723 943 43 106 2 459 820 -632 346 591 -37 374 -30 -921 824 -995 -534 -419 -33 880 906 -244 617 824 -129 -879 935 -674 -958 -519 774 -668 812 450 350 872 -29 -659 334 514 769 -788 -127 978 942 443 -156 -254 -248 -441 -939 -316 -859 -324 -13 390 623 -331 -570 -423 166 631 -225 937 -857 210 82 418 673 -677 892 
961 362 986 -206 128 -390 -958 824 92 -353 -944 -321 252 774 517 98 151 789 -19 -508 -948 -652 -298 292 666 210 410 -517 -23 758 681 -398 979 966 -471 -601 -621 629 694 811 510 452 -474 -436 476 -870 442 -163 677 121 802 -838 -710 613 -395 -705 -454 137 -890 435 -867 82 728 35 -709 110 -450 347 309 102 664 -85 639 -469 -405 -571 400 -400 380 -260 208 563 -359 -729 320 949 170 -705 189 -55 575 -39 59 -623 128 945 -692 170 -51 606 793 -342 76 200 802 194 -293 -268 -179 -390 -105 -558 840 54 336 -882 
-74 -19 -407 -970 578 -215 -263 538 257 278 217 -109 5 -953 654 901 -714 -214 339 444 523 -549 -277 -102 -262 -317 558 -123 -533 296 -164 -163 -193 421 -567 415 -771 180 942 357 26 -163 -390 913 -291 -48 -888 -356 -227 -140 395 440 639 -175 892 -805 756 -777 -514 767 432 -786 -368 -837 -366 -679 35 -883 -748 739 644 39 733 -272 745 -208 -586 359 -120 215 -567 132 890 741 -479 -612 608 970 -893 -389 -242 -236 -876 -589 -927 -800 780 339 -877 -260 -665 710 -921 641 35 765 -680 -399 67 -597 280 674 170 -599 242 -108 
-581 -564 324 -722 459 412 -430 -45 909 -976 -213 494 724 -915 103 969 -327 -188 620 957 -223 -298 -186 -616 356 64 915 128 -870 -161 798 -126 489 607 -157 336 170 -779 31 -761 848 813 447 -433 -539 229 -42 -256 114 -662 -291 -563 -550 -39 -477 -80 402 -881 -824 341 -782 -752 -294 -607 131 182 113 544 287 613 -698 663 -127 267 483 -440 340 94 -692 622 66 -56 43 582 95 -446 -655 405 -553 -540 -356 642 -11 963 -679 998 429 879 33 -100 -879 98 769 22 170 727 -559 991 -368 -604 -694 54 -630 714 388 -87 
-300 -317 -8 598 -938 197 -733 50 -71 105 173 211 735 797 991 407 -381 834 282 -995 -10 -161 611 479 547 481 -936 -773 -399 -510 -123 -370 -385 -106 452 418 41 709 -877 606 56 272 -413 -447 688 378 -66 628 -300 916 215 -72 274 -345 987 497 603 125 -679 -905 -651 732 -293 -992 -730 -876 458 872 309 -28 -71 -494 903 939 -645 563 902 305 241 189 352 430 -761 695 -794 502 -943 -203 236 -683 471 123 37 71 226 -91 814 -862 -360 -196 873 -97 -227 -455 473 -711 557 220 -642 326 -389 -350 -715 630 43 388 
786 541 -202 -615 -854 -645 280 -640 164 -919 -135 850 -719 207 -503 97 15 -69 -457 974 -743 -429 -536 -361 -240 517 -463 680 412 -733 702 -782 481 923 -28 447 669 -780 424 537 -583 237 -774 -26 947 -124 -484 -221 913 504 259 226 905 -552 541 -880 747 219 609 -765 854 -655 449 957 -292 396 -141 -479 -529 -150 345 -253 -15 575 -64 260 -198 142 712 -299 716 402 -506 531 594 -651 -951 58 71 -13 -656 296 -206 889 55 747 31 467 710 684 -636 -458 154 -540 -191 128 -786 983 -504 986 -452 110 445 -990 -3 -999 
179 768 711 -365 629 -594 66 -673 874 -107 -282 974 -974 59 190 209 -724 -663 -422 0 -634 -54 910 347 421 910 75 313 305 284 -627 -131 812 807 -862 -43 573 -529 -627 -805 566 -674 187 240 -604 978 661 -333 612 695 -490 -927 -727 -525 34 941 254 -554 487 346 322 -913 782 853 363 -855 -790 -469 -265 396 521 539 894 -785 -610 -147 970 -792 170 554 324 283 -419 -933 -990 -763 464 36 647 -987 397 602 -979 -471 959 -669 704 -661 -914 -819 334 -996 81 -742 549 -6 988 691 -475 -270 873 185 889 -31 -908 154 
611 609 -690 -474 -145 6 -669 -290 -214 -766 -504 285 -976 989 378 558 -668 -676 191 712 200 -22 675 -694 -928 -470 -996 -547 619 -645 -914 356 416 369 -982 830 -647 237 314 -935 944 -126 705 -604 915 250 587 -264 -911 352 -765 914 -980 700 -212 974 -29 515 -108 -647 887 -676 111 767 -80 320 -723 -313 -496 121 -972 436 -581 -320 360 785 -317 893 916 832 33 13 -657 -705 -589 -592 -139 570 837 679 965 -632 620 409 416 756 343 -145 938 -329 900 232 261 -451 155 884 -171 581 26 -561 -218 -929 -432 700 -688 897 
459 123 130 -221 314 702 -278 -253 -713 981 -144 418 -498 -352 474 -427 -798 875 431 -398 737 21 -496 -140 -36 -689 337 196 750 -799 -100 -398 233 712 849 -9 40 -148 303 -824 468 -594 -931 870 -110 282 977 -999 510 -791 -3 -584 -762 363 -882 884 192 -478 -87 404 207 -161 -743 -866 754 94 431 -5 753 -775 763 216 -906 -8 201 -408 347 -294 -30 146 -653 -285 436 750 -137 436 -122 -616 -175 891 -233 691 233 678 869 905 -123 -263 816 -1 -450 659 783 -505 16 -594 495 -872 -457 97 76 39 944 684 98 -67 
-41 582 376 72 -567 294 -696 213 358 291 450 -863 751 -54 -249 -151 -984 -698 350 -64 881 913 398 356 678 420 662 838 863 -887 -504 -222 -237 419 -868 96 628 307 944 -67 860 521 -239 723 802 554 -692 -742 -394 160 929 -169 468 -511 -204 -162 413 -69 -342 710 -999 -827 -205 483 601 -406 354 641 204 -444 -884 -212 318 -602 158 967 289 -934 -549 383 -140 -560 -888 904 -121 687 -658 -60 -317 366 -217 649 778 287 -757 826 -269 -60 -164 862 817 238 -5 133 -775 -231 -562 327 -980 -852 168 -277 815 -458 869 771 
69 507 -894 200 772 -752 -534 -257 648 -762 442 572 -269 -891 -561 234 -972 -524 -440 886 88 812 -263 -463 -787 868 -862 -698 -692 698 -406 -41 -963 -245 -367 -699 239 579 877 524 86 -273 -481 19 291 544 -490 208 463 302 -936 188 782 -628 -493 -346 -244 405 205 981 -714 671 614 -797 20 -509 -26 -588 972 -567 281 328 -834 969 506 145 562 -346 457 475 142 -846 -585 138 -459 -848 -398 -418 -598 205 550 -11 -489 743 -982 -557 990 766 -880 -332 -280 -616 -807 781 -860 827 742 567 -711 588 492 588 -150 -894 986 -928 
-29 -557 -20 -53 637 397 745 -520 -851 805 981 8 232 -533 149 -55 472 -140 -661 -462 -83 767 -656 92 352 583 41 -98 923 940 -177 -150 -772 761 568 -797 606 -645 537 -657 -56 8 -355 744 35 -568 376 886 371 530 -640 -50 -107 752 625 -766 813 -563 -352 265 -132 -886 435 -817 -50 -428 721 -67 -11 613 23 -833 972 161 -160 601 701 -286 -446 127 -563 -235 200 490 97 635 -491 954 -525 -920 691 772 551 54 -297 -854 856 427 -369 -125 -668 40 668 -887 830 70 78 686 625 761 -581 683 126 -638 212 948 
396 480 477 -685 636 -689 -405 66 -550 111 410 28 -115 291 626 -383 755 492 -915 -584 80 -563 733 606 -579 882 -235 41 311 -143 -425 -934 118 299 -845 849 404 718 601 790 210 243 964 278 -947 -853 461 583 875 722 -844 153 174 240 -365 -300 -84 788 262 -462 -294 284 -496 -635 871 -481 712 -473 -845 675 39 -69 935 -686 133 -157 291 -191 -34 108 -942 -979 -403 -443 -922 787 -478 696 -877 352 -287 -682 184 -786 -378 -777 907 1000 962 442 -711 -131 547 511 -513 968 -767 -823 810 -722 -574 569 541 -220 -423 534 
587 771 -880 328 -975 -203 947 14 -404 -805 210 200 -967 -236 -945 449 408 -552 -233 -407 558 -654 -791 -490 683 381 967 -549 -509 -496 -47 -92 935 961 466 777 397 -958 -783 769 -758 220 313 781 577 -890 -495 103 -402 -857 832 -972 -994 -641 -878 -586 306 67 51 -60 -871 -157 -369 -742 -927 -778 821 660 -742 102 951 -937 -929 -239 -890 97 -611 636 750 247 341 14 423 -321 -214 564 -39 -407 -726 -68 298 754 925 -386 -665 988 -307 128 401 -379 930 -416 -464 -300 246 -137 -764 -9 321 61 -914 -355 -651 828 -27 992 
12 -400 817 -755 -131 19 54 193 299 -963 793 -973 817 545 690 -310 -30 -441 420 -728 98 295 -696 597 -374 -129 366 -624 -831 -767 96 773 -787 893 -2 -159 -617 554 -836 -923 957 129 545 -791 -377 -569 448 -963 -909 13 172 628 228 -668 106 699 -120 -33 -512 734 -19 537 -321 839 -747 697 2 700 -319 434 435 -994 -760 927 -387 -122 -61 114 -125 849 831 -61 -225 -989 196 355 892 -535 -482 -217 -177 486 -246 -171 281 -549 694 -6 -15 -334 -390 -770 -683 -242 -611 459 735 523 -723 -276 -426 -591 112 -350 -273 -507 
725 372 -506 309 301 305 528 159 -307 -535 -893 -985 -436 -178 -146 -272 54 400 176 443 -429 550 997 -846 834 365 -288 790 75 -518 331 -838 887 239 -210 -795 -583 -88 -903 -31 604 -130 341 98 -351 119 527 -564 870 -33 164 -781 -226 652 -376 -957 -792 793 -833 -153 32 -181 -985 -482 -178 968 762 -283 891 31 -524 -845 268 -837 -622 458 335 -22 918 344 -953 -557 -914 -514 964 786 625 -527 594 409 -559 -736 756 -68 810 -155 -295 739 -978 817 -99 -569 -481 -104 800 881 261 -113 582 938 -559 -269 440 454 -472 -452 
636 642 -3 676 -596 -621 -38 -908 -958 691 5 -214 421 -939 392 184 385 -45 756 -693 374 -299 -957 517 103 -454 492 -244 364 -94 599 -927 -336 392 285 -473 486 -309 -90 743 26 -917 -745 963 803 -364 349 -664 513 304 -732 243 478 -275 111 -356 161 -773 -541 869 -943 -569 -655 -523 -714 34 -764 540 -469 820 747 -40 -883 942 559 -717 82 -163 428 646 -506 822 -599 551 -241 -504 -121 454 258 -47 -685 667 656 993 -470 -8 -213 -809 -630 409 633 722 -945 -616 -361 146 112 815 -311 -492 -464 -148 372 706 970 306 
-31 885 -494 -354 -499 535 469 -117 392 84 886 -602 -538 923 -332 -727 -540 832 517 -265 867 969 -911 77 -528 805 782 162 188 -590 -57 369 -756 -763 294 -743 242 259 992 -454 893 251 -600 802 -287 -311 -111 -979 -175 600 -630 383 -341 -388 -365 -311 405 363 -843 921 -696 -919 -1000 817 -412 -608 -299 -586 -417 -706 647 -658 828 902 -337 332 772 546 164 -910 -52 -426 -769 379 807 920 227 -61 443 571 23 -844 120 445 770 275 -308 92 74 900 179 176 265 -463 441 -713 565 529 -671 157 737 741 -543 -858 -940 -64 
-734 -339 998 68 487 -87 -889 381 100 -900 988 119 -480 -134 -611 -354 481 792 245 150 -439 431 362 520 -736 -951 -570 -852 452 -550 888 66 86 917 387 -139 534 285 482 -965 -620 878 -741 -642 913 794 891 -182 -839 -67 -733 -111 -46 86 -248 965 529 225 938 -140 -707 -861 759 986 996 896 -568 365 167 -347 40 675 -358 -344 -458 404 -977 954 -650 831 -854 448 -532 -89 -731 -975 246 587 341 585 406 -417 -597 828 -12 184 639 361 298 85 660 -504 -855 241 637 -859 -135 707 27 767 861 430 -830 -533 356 391 
-728 413 923 -96 -909 819 89 -542 -672 -119 874 -593 710 -268 574 418 472 504 479 76 784 -91 -124 -207 -229 882 -492 -738 -461 360 -571 -713 -875 815 132 -862 0 -371 46 170 83 -521 -613 -814 787 -360 -470 -583 855 837 316 646 -881 -69 -975 -60 52 57 -458 219 -605 -582 697 870 -825 -44 316 521 260 353 -831 -362 -669 -929 770 624 -746 685 828 -573 624 -567 902 -771 656 -218 940 449 -255 542 422 893 -514 691 430 955 -54 -803 -335 -949 -20 -39 -256 -962 968 232 -166 -686 -553 236 -3 -184 491 608 895 -264 
-126 -807 78 626 925 393 938 -887 785 -918 -874 753 -657 416 -393 -667 -290 -864 466 -281 -575 -105 979 746 -167 -102 -135 986 -541 -962 272 -222 700 966 140 -553 128 -351 -709 -301 -834 179 574 -158 234 -876 559 -445 -542 203 102 -609 677 -526 -904 -263 771 -835 -355 719 -812 -871 -165 -513 317 -179 682 -246 333 -714 754 -18 103 375 795 -550 -785 48 -623 244 203 775 -483 -744 869 -277 -764 427 353 -795 60 -341 905 -371 822 553 -574 -262 649 -297 -450 -441 850 21 496 -17 -611 -581 -294 842 287 -55 -107 -15 788 161 
-193 2 -816 -172 768 928 -449 -505 -32 -735 -135 882 -771 -552 915 -229 906 -768 -73 -520 -675 384 204 -587 475 803 360 301 497 -997 789 643 17 379 360 713 642 -935 866 266 343 -111 727 402 752 -12 270 -506 705 572 -275 -868 -749 -543 -837 898 -148 -340 120 -824 -420 84 781 890 -532 -250 153 141 -457 163 402 719 -708 860 820 -679 -883 -514 296 496 -658 -966 -459 517 424 -981 235 227 459 617 -68 262 -295 110 -300 -862 913 -507 -83 -2 125 -812 -2 764 -562 44 383 996 611 328 -60 43 153 536 480 -107 
695 517 279 430 966 105 376 -589 -751 639 598 -140 791 225 -443 413 -982 -364 100 -397 271 944 705 453 -226 154 370 778 117 710 -266 -631 833 -304 -935 110 103 745 -696 -734 938 -325 676 797 -737 357 361 754 101 -199 -96 571 -572 -781 -908 999 779 -271 628 378 -992 -524 -909 730 -21 -439 -674 -63 -737 -172 575 698 -66 590 365 -340 -446 854 -540 -987 -4 -914 141 678 658 76 -156 -308 -156 -371 554 39 -164 -267 822 -796 726 -598 253 -792 -951 469 877 -137 -876 198 768 -431 -344 709 -203 -445 -390 -331 -162 -114 
-662 69 240 404 -465 -718 -819 594 -88 68 509 42 416 682 276 -597 769 382 889 555 -262 382 -240 -630 359 -678 472 -35 -974 -215 728 571 493 131 116 764 590 -94 811 -457 -668 560 -736 -968 -888 679 222 -645 587 389 128 289 -102 -789 -963 776 -238 82 -332 319 -413 55 873 453 605 -677 541 -332 661 533 -481 -621 72 343 -32 854 -572 183 947 732 326 -163 19 -842 -384 -326 607 -490 188 837 -506 687 436 124 875 232 -557 -387 -864 -795 -174 417 -863 -762 105 336 235 -434 745 -967 540 321 -149 39 18 -11 
-682 -676 510 -377 295 -583 -20 -144 170 182 -326 154 -22 -929 131 -157 -424 196 -459 162 125 409 64 -265 329 -682 -894 -18 -809 -659 548 399 -734 679 803 75 -526 978 708 968 -560 922 369 -979 808 -117 538 -318 -413 691 155 -829 539 319 -677 38 69 -332 90 -172 31 -116 -956 127 -540 627 181 -21 -563 535 818 -329 -196 -551 -433 101 245 499 -985 -664 -737 -507 977 409 -787 73 121 972 -793 815 -100 34 -484 809 345 729 298 -997 206 96 790 -251 -509 -423 -909 557 847 241 -560 -365 -91 57 702 865 62 -538 
-685 34 -931 -17 -666 916 -16 -859 -737 -481 -596 -762 -215 -548 -321 -159 -294 41 671 542 480 -859 -319 -523 811 -23 -327 -236 -760 -487 -802 998 -404 -742 -423 898 -437 -293 117 -258 -236 -482 -502 -760 -830 635 -715 392 -997 -756 790 -825 -67 -691 821 -175 -343 313 -927 -545 234 341 -119 629 20 -542 165 45 162 -243 981 963 938 -585 322 -346 -214 -269 173 -938 -163 805 82 536 75 566 -835 -741 -325 -688 -23 -455 -249 -1 -736 -828 -587 -58 602 869 919 630 459 544 108 -396 -93 410 372 -898 -899 -988 -299 47 -142 -136 
579 -438 -283 -557 -576 -48 -778 -389 122 -794 107 -301 -678 374 -609 -976 263 -647 -809 -273 868 54 -303 138 -200 149 168 -780 -175 -873 -936 186 -771 -552 -489 521 115 -610 824 845 122 210 919 -216 280 -228 406 -259 -665 694 732 21 -765 -956 -769 584 735 -191 990 -128 -417 544 -612 843 -81 -532 878 945 639 708 75 342 3 -388 -829 -274 318 -173 -755 389 910 -714 -226 224 -835 -592 -11 423 -614 -134 -975 -31 801 392 -219 731 26 -387 -331 -59 -866 923 43 -713 -43 447 -704 -733 -323 -426 59 223 -547 -302 -597 327 
