27 106
-879 -869 198 -41 703 902 -484 628 125 -430 456 760 -346 970 704 394 326 -607 -506 469 -375 847 -2 -21 -885 511 481 -808 409 -466 172 838 262 -859 869 -442 -327 904 722 -16 345 199 -118 -329 963 -50 180 -802 -472 -864 152 -8 254 -175 138 782 -879 144 -696 607 951 872 -290 544 407 -247 -336 105 346 639 -435 -89 -509 82 572 585 468 -779 119 139 728 829 -951 -681 -300 165 146 10 643 -948 55 648 -313 586 -255 -991 302 -61 634 534 -88 -761 -791 206 517 -425 
-399 -29 9 828 -482 -312 -29 -394 935 680 -295 755 -758 123 -293 486 866 -603 -36 -703 644 -109 -768 803 972 -113 -483 998 984 503 233 413 -307 866 837 25 -896 707 -714 -988 -41 -706 25 994 -368 735 -499 684 -254 975 336 -657 719 324 -107 628 -247 964 34 -443 945 -716 592 -464 -468 214 -17 767 -39 982 396 897 -377 -800 160 435 519 -417 -305 514 -556 -551 -97 -231 -522 -624 -175 646 269 -606 988 -704 -801 108 779 110 -731 402 -184 703 -853 -602 -518 -775 -724 186 
-888 -485 -33 185 -752 -276 42 108 -975 495 949 55 -7 -409 -612 200 -409 561 115 256 553 -123 -907 -19 -59 -959 -755 -254 -398 -937 -331 470 -271 -305 -557 330 81 -760 176 998 -481 -980 815 445 -524 781 138 -569 434 -122 938 751 665 -273 488 -686 -348 865 396 -596 338 -791 210 -756 136 641 -690 -879 651 796 -359 7 -262 625 -926 823 19 -469 643 550 261 91 -636 538 968 2 -472 535 173 -111 844 -251 356 553 450 92 759 -820 -865 603 -629 93 330 978 -170 -792 
-589 932 497 -614 266 -704 -414 -352 83 -20 -345 -903 -680 -532 396 -9 -142 346 -10 598 791 171 -620 223 341 36 -835 37 -825 373 492 -131 781 561 7 807 -118 178 840 220 978 965 -338 641 831 672 -631 -295 -9 145 -956 467 -111 -883 -163 294 -929 288 -62 -257 -214 295 716 -700 32 -174 55 -143 173 -363 579 -791 688 533 246 -663 73 -917 -183 775 39 527 132 -261 -580 984 -974 -439 428 549 619 -454 -776 36 189 990 374 132 -822 593 361 331 503 265 732 824 
-782 -241 -867 -710 -44 -561 510 -565 -573 944 -61 -281 -13 535 580 -675 -334 661 812 -875 176 -117 92 -464 865 -889 226 918 241 965 416 187 749 870 111 -431 273 876 429 -411 549 661 420 -754 893 598 116 -751 -954 54 593 -767 97 -625 703 -649 -72 373 -489 -398 509 516 -364 -129 883 981 504 -441 398 888 939 -420 101 -185 -681 490 -467 106 -704 235 -843 -178 612 -207 298 -201 -591 873 -708 905 866 721 -359 25 -362 -619 479 478 -841 483 785 -290 -823 -865 557 440 
-997 672 809 92 364 -35 415 -157 134 -662 -315 164 819 -454 -594 889 429 505 -820 948 81 -129 656 -74 703 253 -423 393 639 288 -644 516 -16 -755 323 -140 965 720 -155 -978 626 -456 692 854 -694 -833 458 697 -147 706 947 206 -961 -698 834 -262 916 878 594 -274 708 45 -122 -910 232 -465 940 -105 793 -501 435 -945 868 -42 588 -665 -599 -607 760 47 624 -234 -200 849 492 -755 894 -542 207 -440 -152 544 206 384 420 -114 -415 -964 -684 -392 -125 -202 -985 -800 504 892 
-169 266 849 -855 -939 373 55 -586 212 185 -688 536 -252 -626 -714 -529 -951 922 -342 -811 26 -400 -283 117 12 210 -954 -102 -788 -766 543 -31 570 702 -499 811 -137 904 413 -227 -771 842 711 -520 898 943 242 -654 692 -290 911 702 915 820 478 -813 492 -12 945 820 -934 -533 -899 575 46 73 480 -724 645 296 943 307 -194 -608 -921 -969 89 -712 95 -818 -547 -578 -207 529 -167 -696 188 210 649 -879 174 932 508 -847 -940 824 31 536 -200 -939 582 -287 -101 932 -954 349 
534 747 801 -511 297 -138 921 191 -815 736 -691 838 -709 -964 -411 431 982 -538 -605 490 -339 28 -975 224 -559 600 679 855 593 -26 165 693 -635 522 812 -719 905 -641 -102 375 618 -865 -712 9 1 -860 -350 796 370 -697 379 -293 943 599 -676 -72 126 -854 437 312 95 -989 543 -625 177 896 250 861 319 491 -833 335 195 -792 -980 -161 793 -892 -1000 -324 293 -543 -359 -718 -907 714 -31 705 908 179 713 474 -102 451 649 950 494 -761 240 289 508 225 817 166 -220 723 
889 830 138 112 888 504 368 470 -434 912 643 4 -800 -968 843 -181 236 453 -942 -136 -846 -178 481 -363 903 -604 -560 343 58 -945 -63 172 -137 -500 -692 476 -784 79 -678 493 899 -840 -147 206 325 -218 904 376 458 543 896 -76 -415 -497 661 31 113 -294 447 -1000 987 285 165 -631 -141 -972 -171 -143 350 420 522 -296 438 -744 -912 610 556 379 -806 -341 402 506 -800 -743 507 -720 719 -944 399 -435 -867 132 285 122 238 -936 848 289 840 -327 764 -366 -704 274 -756 646 
-164 -96 -285 -599 -29 621 -509 -938 82 -824 -385 279 827 748 -346 -946 32 -284 -316 -251 -197 -320 945 324 989 911 -395 -433 -947 -406 254 -315 892 -496 576 -463 -658 -640 141 529 -157 -5 -483 389 748 -751 996 217 852 885 957 -441 319 24 655 -265 -48 -580 -206 926 -598 -924 555 790 743 392 -985 832 -974 911 -499 -816 -723 851 -22 -191 80 -55 371 246 -840 -719 85 -477 -108 470 -70 -188 109 -388 614 -513 853 790 534 -418 -416 340 990 -659 -255 -594 -137 -362 -390 520 
944 -203 201 897 -980 80 994 -766 -540 922 711 -527 -824 726 496 107 582 382 -817 909 -647 585 450 914 -660 212 -941 538 -83 91 39 770 522 -349 -276 -308 -679 -552 -999 789 416 -315 -588 -506 774 517 -395 -434 -766 -615 -944 153 -514 -158 260 938 729 -987 127 -905 118 45 -129 -56 925 -682 432 665 675 -345 -993 742 919 -164 -266 508 326 666 -324 826 720 -236 57 578 791 -802 93 -203 -490 661 861 -198 -296 -236 -937 -912 915 98 408 137 -316 743 542 207 796 598 
-636 -800 39 708 825 818 695 -221 -89 -422 257 71 -877 447 651 991 409 22 133 243 -374 -147 62 198 -809 542 -898 -436 -882 -200 -400 -95 -791 300 980 557 113 757 -867 -25 543 -233 -242 163 -896 -769 -825 542 -962 -659 667 -700 320 907 -467 296 -946 -915 433 -854 872 -248 317 -658 152 -462 515 615 -119 383 968 -717 843 421 807 185 -485 361 582 -924 -53 405 -161 618 981 198 -588 -77 310 820 -514 -271 -124 -816 699 657 -590 146 933 640 212 -525 94 757 485 46 
765 691 714 -531 -14 -974 60 -603 -241 -159 259 452 267 501 973 -134 573 570 221 -851 -176 899 -128 953 -785 -381 -803 633 475 -980 -417 111 513 -708 -592 21 -746 648 714 -803 481 683 62 882 -409 380 -873 999 -488 -839 -722 -537 -839 -445 225 -799 848 -475 597 -159 945 899 -320 -614 34 -1000 -955 -19 865 967 -212 339 415 -136 4 -723 -682 -168 59 347 -787 -754 676 201 379 660 714 -402 336 -515 -170 -249 553 167 -157 -422 387 -489 939 407 391 -564 -455 -794 445 148 
634 297 -868 -604 -581 986 423 -345 -567 549 684 247 861 -868 -626 -969 393 -980 -916 801 -705 -205 -580 -80 -451 37 824 173 137 -271 263 944 -87 957 412 -339 865 -981 310 267 285 390 -224 878 786 184 -989 -864 -424 885 -372 -492 176 -275 -171 234 -296 -439 32 -907 169 -524 607 -648 710 -112 -54 -688 953 141 846 896 -38 101 -262 935 608 110 -282 -728 -811 550 -480 -198 728 895 296 -46 821 649 108 -122 -671 616 473 -961 884 904 -101 -311 393 664 807 -821 89 484 
-510 -186 651 -626 580 237 656 482 -328 460 57 -979 508 504 -176 583 212 626 65 -96 195 706 687 587 498 -413 200 -763 569 540 -913 131 -586 495 499 719 554 -785 -921 453 -962 -691 597 -421 -853 -649 -525 449 993 -920 -213 -51 -650 -543 -144 6 310 -105 371 578 719 -260 935 151 344 -887 290 -766 751 -291 -996 324 55 535 721 -306 65 -37 -184 598 632 727 -828 307 296 -632 -119 -710 182 -274 -975 -306 884 -931 -923 448 -249 589 553 727 127 812 -949 -153 -823 -358 
175 275 -882 -434 29 594 -353 -383 202 823 279 523 637 475 -518 -622 -975 -588 -433 918 -200 716 -589 -363 606 -397 296 -892 578 447 977 865 202 -536 744 995 -750 -701 751 -510 891 901 -887 -708 97 518 651 -830 969 717 764 302 312 796 -650 291 -116 55 -891 335 -214 -364 -145 -27 -476 443 435 -144 809 298 -967 -935 -543 -115 -531 544 773 -986 318 232 -93 767 -894 -1 774 -637 -263 614 149 -759 324 141 -398 458 -24 -225 554 820 193 382 -861 -373 -57 435 -685 -656 
-880 -784 -415 -59 861 -765 -637 621 -911 798 -919 -247 870 -112 -238 335 691 -852 342 -265 343 988 657 -15 -632 74 311 363 105 58 138 -280 398 732 288 884 -204 -703 623 218 -379 326 740 -530 332 729 82 -747 251 -998 413 -27 903 374 574 -486 -386 -421 -962 737 -382 79 396 -629 -501 946 529 -380 -936 958 -825 981 -414 65 -522 -157 -632 807 567 686 -355 367 -191 -343 91 783 -492 770 117 990 -800 662 805 520 924 681 466 277 596 -313 -840 -124 -507 372 868 38 
-104 -782 -977 -812 -887 675 514 -374 -44 893 -779 -442 -722 349 751 670 828 -390 998 543 365 333 881 -268 803 522 364 -399 -281 690 329 479 -236 84 -306 566 -273 -104 -367 -502 -397 -68 -592 505 -137 -27 -901 -801 -708 26 -962 -611 425 340 -406 695 714 -337 67 -228 -239 328 -167 171 459 167 -153 -645 -377 -351 -879 589 867 182 -664 -534 841 122 392 -266 -574 233 76 -452 493 -374 324 -999 -957 951 -532 39 -685 139 753 -816 -111 814 623 -898 721 681 700 607 9 80 
282 -311 -234 -116 118 -555 -584 -586 603 -341 -39 -266 -514 -884 746 946 -183 342 979 751 -39 -64 217 -459 433 37 -717 -251 -483 115 -400 135 -608 -271 -206 -71 -995 882 806 365 785 651 -232 -210 576 -4 -575 -322 -246 371 -472 -997 -351 -669 -45 557 403 -581 473 177 569 -269 -560 -273 996 -662 -503 -1 -258 474 45 663 -395 97 -460 -118 -585 511 763 687 856 472 859 -152 -537 -201 677 19 957 510 111 722 -724 -230 -382 472 735 -591 -569 562 787 -106 327 595 -576 383 
365 -568 -262 65 565 -873 684 -721 175 -27 236 -684 220 523 701 -666 -67 616 178 7 -252 457 -493 476 206 -521 -831 -762 -326 818 690 54 -926 366 -224 -706 -243 230 565 592 -377 931 -112 287 -36 166 -40 -670 -365 -458 -873 185 374 412 -403 809 -529 116 -548 -271 44 -932 -234 767 31 -336 288 -382 -11 687 840 232 -736 47 -150 349 -345 -304 626 -300 506 241 815 -51 -340 -480 937 993 255 -416 -357 55 -329 652 -701 -954 866 979 -978 425 -361 -244 -197 -820 651 536 
238 -453 -692 -638 -441 -979 667 785 -605 639 -617 570 -492 696 -219 -649 -742 -182 638 -401 -578 -587 -414 -75 -53 -189 117 85 -495 -480 22 -455 -926 263 -391 591 506 257 982 260 -137 591 971 705 -15 -829 -545 213 -280 876 569 14 -218 154 -760 607 -613 -247 -891 -159 -571 826 265 821 -694 497 -605 989 549 994 -340 -206 -825 -761 -331 578 125 -673 682 240 -720 -172 -621 -172 668 -949 178 -505 -784 -284 683 326 665 806 -663 448 139 23 -389 -277 -844 911 -578 -174 780 693 
286 -314 340 720 -737 59 281 -869 -958 -406 -894 474 162 379 956 -482 -13 25 83 612 -349 -874 -755 717 972 -881 -900 -792 958 245 857 -220 -397 704 -738 -516 864 -23 639 -135 532 817 -536 368 225 262 697 -319 -944 233 308 403 -599 -466 -848 -726 -908 260 -55 -629 354 -728 -82 810 727 -84 836 -353 645 173 -1 427 -106 868 49 141 308 -910 392 350 -290 714 -148 -278 -264 509 826 571 557 -112 -730 -247 905 -156 348 778 -314 -721 -753 -983 589 7 527 655 529 639 
950 636 -27 -389 332 -237 -416 -567 -384 -835 -785 -39 -216 636 -54 -602 -753 -527 -267 -818 -619 1 702 -861 103 -957 -933 -387 -172 748 -946 66 -502 -301 -832 877 777 -7 -650 -564 214 198 -232 325 -202 208 -914 -950 355 -828 46 -706 -391 -104 -893 -713 -93 757 -633 -774 -343 -138 284 384 404 -24 67 404 833 832 55 846 894 -540 891 -977 -540 690 374 92 -205 466 914 -174 -483 165 142 -196 -31 -438 -301 -193 318 512 520 111 297 -846 560 -980 -21 -966 -584 -245 -41 -384 
49 -37 803 -710 18 -118 -176 954 713 -637 916 435 -195 448 -811 577 -923 60 798 -233 934 430 544 970 -18 -657 -785 617 -871 666 720 -897 794 797 204 -930 28 -34 -787 39 -174 -681 -926 -983 98 283 233 691 495 -229 -426 159 176 -559 -226 -708 -844 306 772 -399 -785 221 833 -20 95 -738 -902 -23 771 528 -648 727 362 254 -681 -998 465 -518 -591 -802 -167 -316 728 580 -2 -520 -659 469 -875 494 -32 682 -353 654 946 -641 86 319 37 294 672 -450 346 -234 -768 -904 
823 175 -466 -792 206 562 162 58 -899 -83 202 -482 938 535 483 722 365 -452 45 986 -570 -127 874 -626 741 924 -381 447 347 819 445 157 822 -490 -90 298 -418 -959 -360 39 -827 -967 981 -724 228 -459 -806 -563 -736 351 -503 -551 550 -66 -484 -800 -129 527 -802 -552 88 -553 761 -601 -92 961 -410 653 942 -902 343 -285 29 257 96 508 276 -470 66 271 -770 -766 913 482 233 -877 588 -648 509 881 784 198 -206 183 -442 153 -692 -391 385 558 934 -106 -202 -918 -565 -736 
-905 190 585 -481 738 -124 176 110 113 436 -835 77 864 421 848 -171 -589 -367 642 795 -179 -645 704 925 -467 329 768 861 690 62 620 452 170 -574 -364 526 896 286 -835 -199 211 -259 -478 199 -833 420 532 -608 438 -389 213 -132 721 -140 584 -603 276 847 -179 -137 941 361 674 -871 149 -990 990 -941 651 69 991 -942 -159 418 -377 -61 -350 936 -916 650 -694 -509 -569 258 -852 417 81 -413 528 -288 -904 57 227 -161 388 850 -406 111 196 -151 -343 -563 -576 -669 -794 -25 
-856 6 -272 -278 431 -146 -364 -437 16 -475 31 -283 292 -472 -410 -587 366 790 -183 690 -174 4 -853 -278 -179 -251 542 -170 901 821 718 574 431 382 572 848 -305 359 36 281 824 -710 798 -369 312 216 977 -34 -666 -745 -70 -624 -766 981 365 -141 460 369 321 -325 -394 -383 -619 -636 -63 -342 47 -815 286 -710 -328 554 458 239 -166 -386 883 -468 667 635 -939 -73 -404 940 807 452 -514 -163 981 -142 -513 35 357 896 240 140 -298 -215 706 -310 -195 -427 822 612 542 947 
