181 93
150 -516 690 -718 -745 26 -780 -773 576 -313 -851 553 426 459 -481 -863 -528 -854 -524 124 780 -272 742 -209 502 -259 -722 -664 569 793 -628 -395 585 847 -251 144 634 207 -153 -77 875 685 664 606 336 -474 -950 361 95 459 -326 1 -869 -830 -420 583 -327 617 -438 -339 -426 -578 288 -378 -199 145 -359 563 -755 106 -361 -805 -458 92 333 -694 -733 295 880 497 -628 -671 782 -155 -265 -222 614 -721 -883 -270 690 978 -649 
835 -573 -741 465 -969 -202 -385 -896 -392 -204 -533 712 10 -50 453 689 -910 -780 372 391 -224 -903 -565 -40 -48 -967 -519 133 187 265 -286 402 495 -464 -947 856 430 430 -69 560 -871 -409 981 128 -846 0 -646 592 363 -835 -471 -625 836 868 56 -52 761 -300 491 -256 886 247 880 669 -685 -985 -17 -882 -130 -646 -652 145 752 495 95 -366 -878 -299 573 -386 283 128 862 -48 445 173 -327 -676 1 475 -363 -162 -543 
6 -401 307 701 229 335 -379 279 -836 310 -897 344 65 743 -286 -954 -563 -164 -895 814 662 731 549 -908 -36 -947 547 898 -517 -168 -897 -249 207 -952 747 -917 455 660 -968 -878 -200 -708 -955 -264 -339 -710 -262 -675 -104 -816 -146 763 -986 -50 -340 -854 732 674 -767 -223 238 977 -250 779 -699 257 -146 34 -461 990 -638 183 -421 348 263 299 705 -229 -843 -421 -545 -36 413 930 -540 -40 -557 316 -973 -831 75 -801 -179 
809 84 269 -346 546 860 98 750 704 -511 344 955 -395 179 -12 -174 -900 -581 686 -805 -435 -184 304 168 -169 -111 -230 413 -822 -907 -588 934 -701 -987 -568 -993 625 155 304 596 -190 -182 -886 -291 -534 911 809 -821 -725 -755 361 -641 -708 870 -89 305 110 322 -321 822 435 810 604 -146 0 -721 470 900 -454 -802 891 -551 156 865 -907 -159 796 -349 291 672 -44 743 67 960 382 -750 379 -676 -352 118 -595 241 813 
-312 -219 -751 65 -804 -989 -341 -649 -625 -210 65 -873 -362 -111 -750 67 -954 865 951 -325 654 960 35 446 -361 994 662 -376 598 -810 83 -98 999 -347 28 -595 -334 -393 613 -246 -362 -812 197 -154 124 355 597 484 74 -860 -397 -692 -182 -127 26 311 583 558 249 776 903 695 484 366 564 430 691 840 -149 966 930 991 998 996 -942 -537 -305 -305 -246 691 -640 -135 -902 -75 -321 -145 -791 -315 -567 622 -806 183 -600 
-287 -241 834 592 -387 -959 -822 688 295 148 598 -655 180 550 463 -696 962 344 -346 -554 608 601 937 -315 -857 -767 303 -336 220 221 -135 726 -632 919 -697 -190 -787 -809 -308 486 -981 908 -364 -167 -11 -889 720 -141 568 -2 367 -36 -9 -321 -115 -982 -367 524 -492 437 -642 -544 -768 -739 264 302 -372 -897 -306 416 933 -31 24 -491 533 687 -217 -880 989 -324 437 -822 100 -617 193 930 -114 -798 -116 473 -175 -912 344 
-809 -799 216 386 -735 -182 -20 -510 -675 -166 375 -302 -168 846 -856 -472 -619 942 367 874 942 -874 844 627 -223 97 749 -518 502 970 760 -615 890 -777 320 -590 538 -14 -86 -926 112 -490 -633 664 -641 -843 -692 -559 555 747 -393 77 44 -661 216 -397 286 559 -78 -244 261 48 386 401 -668 756 -601 723 884 -488 300 -97 204 470 -739 190 -265 181 -775 216 -141 -795 667 -662 -221 1000 -50 940 282 -319 -694 752 -587 
-951 93 -1000 -35 605 976 -319 -654 617 -834 485 -769 51 465 -239 282 -860 693 -116 188 -383 -864 996 -45 -472 274 369 -314 308 -198 730 -753 -120 990 623 70 -9 -844 -803 354 -566 -435 -970 816 752 456 357 234 -829 324 -347 200 718 981 -487 83 -449 946 303 810 -815 -806 -518 371 416 -259 82 -20 -886 427 -475 -943 698 -654 145 -476 293 381 -461 328 521 -558 -605 -449 -944 416 573 -22 159 91 -821 687 421 
378 -255 282 -216 -520 735 -60 -570 561 -934 666 175 -437 -150 -883 832 -28 264 667 -435 516 -706 275 273 381 988 -165 -561 167 813 128 138 -925 633 433 -25 102 695 -184 -718 561 -530 484 553 -841 266 792 838 499 512 206 -821 -200 -29 322 897 605 907 37 393 -175 279 -251 493 -839 862 10 -986 508 406 -747 932 -230 926 -938 889 873 638 803 -913 619 -413 606 582 -309 -489 433 489 209 -859 -598 736 -885 
-875 -1 258 -970 935 208 767 -82 501 -484 -454 -332 420 203 7 -352 -174 551 -439 -141 608 210 964 245 449 -983 824 404 -309 782 -854 -585 -809 971 -134 76 790 -406 -45 726 -143 592 -236 -781 -669 -801 -220 -259 -976 611 -561 -121 494 192 133 -157 23 -368 776 924 -776 787 480 502 604 974 93 664 29 289 639 -845 975 -926 -744 39 -912 -255 257 -300 -567 531 327 -138 470 453 -646 816 -458 115 35 794 628 
239 700 -631 -386 -766 -791 573 -472 725 876 942 -53 -597 -555 -503 695 -570 -41 -801 733 -996 -608 -642 649 540 -393 -158 -659 799 691 -248 139 976 937 696 654 -823 513 887 909 200 -190 -151 -564 -836 294 -289 -801 -969 146 211 -960 -819 -371 132 -491 -603 526 413 169 791 682 -695 -622 608 -476 -603 829 126 233 -897 853 272 847 -579 584 371 -63 487 314 267 -372 -724 128 417 -727 40 -102 -636 153 -27 205 403 
-185 257 798 -936 -615 947 -71 333 -753 -996 -956 -396 603 76 23 236 -930 -416 -299 -393 -363 -337 942 194 -394 478 -421 21 11 988 832 418 861 274 319 853 380 -68 -160 100 808 -393 -460 -21 62 -801 -849 16 -813 -813 -93 136 246 -308 -948 -178 -345 -128 -215 237 -535 -821 -684 333 435 90 -719 890 218 474 57 -641 -932 302 215 621 316 -551 168 165 -537 -644 -482 -788 303 -573 -912 19 -518 -989 591 418 124 
-730 426 -77 849 -336 625 -546 -685 240 521 255 -362 20 98 624 -693 -151 -91 -294 10 509 891 -381 -10 -524 -420 850 211 125 -895 -816 -200 -840 781 -470 114 -292 -106 344 -50 453 428 53 -71 974 -197 -923 -646 193 -676 33 -779 612 983 36 -746 -130 357 -329 -720 -165 -35 -999 875 606 -446 798 -254 -738 453 16 -323 977 309 52 55 737 39 -350 912 -665 853 302 487 191 382 235 -579 621 543 -22 -928 -311 
-389 -643 61 136 542 -122 858 -946 -672 -232 -146 803 -53 171 -263 68 -812 916 -343 428 543 -55 -848 -31 -790 -169 -349 102 -418 -26 673 -945 428 856 -503 -498 236 927 52 279 -16 -348 355 649 182 672 -938 357 371 877 566 872 -147 842 905 -173 690 252 515 285 353 234 982 232 204 -319 779 -17 479 -81 788 -362 413 568 850 -937 -770 835 -203 -398 -921 -892 -119 -829 138 997 718 -892 -504 -541 -672 -324 510 
583 -258 543 770 -359 807 212 871 224 62 877 268 -323 791 209 147 295 676 -121 439 739 -234 212 671 -347 -393 -831 8 -118 632 -631 928 712 181 -286 -867 62 249 374 509 736 -897 984 -976 -921 -809 -147 -630 915 -895 -39 637 974 120 414 -587 783 -881 477 190 -43 -342 -122 30 -722 -232 -166 121 -128 -512 -815 917 -967 -29 482 -770 30 100 317 -938 -494 -963 -704 125 917 -620 250 -432 -618 -285 -295 439 37 
-619 366 -702 104 487 -586 303 -53 -295 -751 -902 257 661 -782 753 -466 -188 331 -937 701 42 83 -225 634 -744 -967 -419 -43 -279 949 -984 331 500 -834 -549 134 361 -165 -197 185 -923 -862 948 275 -701 -260 984 725 -92 -972 -655 -696 -664 -562 -810 -747 568 926 266 137 -258 -641 -256 -391 110 -284 -486 -472 133 402 923 400 -99 42 -139 367 782 425 -105 740 -928 537 797 -514 727 -700 520 -707 606 300 172 251 572 
-79 -874 -167 445 380 60 -399 -547 449 -334 918 -280 785 380 -648 -46 -16 -483 -859 44 -680 256 291 150 -829 480 -322 -615 834 268 187 972 634 61 804 -261 634 -43 144 25 -203 -182 503 -477 824 428 -109 -158 -31 61 130 283 -328 711 -918 -651 -382 -105 -711 719 349 -15 107 -953 -730 -86 -748 -610 810 -47 58 542 870 319 -324 869 290 -144 123 -418 -178 -471 144 429 181 -605 -288 -153 644 -717 -769 104 -262 
860 745 -927 969 -295 -828 -942 -349 29 -583 25 -417 -475 -645 -191 675 -347 -207 48 259 -541 543 -923 257 -415 -678 306 864 511 988 -489 -457 -815 -732 708 662 130 -226 -127 834 169 179 218 -901 -411 503 487 -906 35 471 -572 -55 832 -891 134 -44 730 67 -376 787 -8 22 101 -951 820 -143 95 15 -719 747 -274 -967 -451 -359 -590 29 -319 761 659 -953 161 -724 -908 -756 369 -226 949 -336 -452 -484 733 838 -202 
-967 109 -937 -94 71 3 -521 815 -940 554 -2 230 -199 91 -388 -124 -728 -925 -695 482 787 -385 398 -606 868 139 -195 250 -187 -950 -510 -692 -258 577 591 -758 45 459 -530 -25 51 897 -212 -175 -995 -451 -613 -242 -835 539 -584 834 -463 -770 172 -38 -962 -795 -305 -795 244 838 225 -495 -491 515 -529 116 526 -93 -954 156 899 -516 -65 -555 -590 -281 -78 -477 -697 385 -132 140 152 -489 722 -411 -809 981 103 747 513 
-192 512 -276 101 81 -783 -589 -950 -20 -111 -989 -798 -148 -448 -148 298 476 -35 -953 306 -315 -610 -313 -723 -617 -329 -61 429 759 270 934 244 297 -120 585 -455 820 626 559 -540 390 650 -617 -22 726 131 925 29 909 -176 846 399 -996 41 725 505 94 972 -218 955 -558 714 -860 740 -726 948 -532 303 431 -515 880 -118 733 804 -474 673 170 907 147 370 327 -461 679 -150 -126 -433 -55 -168 -477 493 -296 9 -398 
-752 -7 -479 817 413 -951 -722 -328 -370 224 911 -142 -97 -601 -374 -408 -182 295 -571 326 825 -728 -813 -149 -976 -47 -519 782 40 -904 476 917 -207 -684 690 -988 649 463 -343 686 981 752 506 546 844 -423 350 16 965 -451 915 640 -373 -405 -928 -107 408 -440 834 384 937 -151 377 92 462 -97 -448 480 -960 -817 -582 -64 -942 -934 -262 -461 957 -557 -472 -987 858 588 -224 444 633 783 -375 986 -725 -396 -466 -381 -938 
-270 -988 -162 808 889 -864 -984 -230 -491 4 21 495 -828 628 753 397 23 -92 -683 992 434 -317 -305 656 975 939 288 535 -110 -679 -303 -391 320 -226 -217 487 649 229 -428 468 -942 264 -480 696 973 552 -206 -298 -323 -978 884 -623 922 -850 -557 -30 -145 -201 246 724 -617 -382 514 -421 316 612 489 477 -63 981 825 -964 -653 637 945 349 -625 -583 768 -507 -732 -949 -703 -383 -904 -29 -348 496 972 391 6 -422 -756 
-399 -406 648 673 -397 -959 775 -912 651 -116 -385 464 -805 603 13 -537 511 -573 649 -504 -50 -790 -718 671 170 -217 -392 240 875 724 -169 65 -318 -366 257 220 632 -499 -366 538 -477 -576 743 -460 -496 -170 551 471 256 -91 -717 577 -723 38 719 -245 772 -144 489 -424 -440 601 -307 706 411 192 23 704 -64 231 198 -593 397 791 439 733 211 -161 258 -120 150 -669 -802 -966 -750 14 264 822 -257 -552 -13 967 890 
405 -56 97 -663 767 -936 614 -677 996 -467 -85 -584 -596 383 850 726 639 -110 650 419 -140 -802 -16 802 -997 208 171 -276 -938 421 -755 191 -166 927 836 -293 -722 225 81 -683 995 -107 -127 -876 -283 784 732 733 688 -370 -814 806 36 -108 -941 -903 594 -750 815 -601 -527 -298 -212 -782 -778 -194 745 960 -782 775 965 -1 910 326 64 -488 -155 -300 -782 -296 -211 626 -823 16 -732 832 -385 878 764 -31 185 720 64 
519 922 290 -791 870 -864 627 -458 176 577 -891 -893 -788 438 -641 -72 -192 959 -900 557 682 308 -673 442 -196 -757 333 537 146 91 -871 15 -336 -459 883 -118 -602 983 387 -633 -434 -22 822 959 169 -406 -726 107 -958 780 -307 958 635 794 -523 94 588 358 665 -474 -738 625 84 595 226 -775 -327 960 753 -330 384 995 27 -632 -820 687 -769 342 -476 -646 436 -171 915 920 697 -919 -970 240 144 454 460 994 188 
158 619 665 615 -65 326 333 -70 -341 412 391 -54 0 -733 874 -15 -224 11 -415 525 -516 63 866 -678 -56 807 -161 833 356 405 319 471 783 -888 740 581 87 -391 476 -272 -604 -531 726 -527 -171 -412 594 -912 797 757 -164 -22 843 -17 779 311 -989 432 620 -118 610 524 -418 193 673 722 -174 372 -47 -699 365 570 -933 267 -768 880 -840 -341 -619 953 812 -179 827 -934 657 -587 -707 -70 763 141 -611 429 966 
-859 641 303 -86 -924 960 573 -532 276 601 93 708 -443 -967 -71 -246 -879 -344 488 818 749 -798 -569 403 -716 -272 -655 -458 -201 -323 695 592 494 -959 32 272 -174 231 -320 -753 5 136 -892 280 612 470 -817 -837 890 -804 -650 -454 521 52 -192 987 31 503 454 130 199 -483 -715 -672 945 907 -135 148 -851 -917 609 -190 -306 857 266 598 158 -553 -586 -155 -185 412 -132 905 -641 -241 193 -944 -340 -738 835 555 -829 
-43 185 910 -834 -29 155 231 325 976 -370 -235 918 -899 -844 -667 93 -80 905 902 -950 -759 422 761 604 -439 904 868 76 862 -271 -891 -23 669 704 -759 400 -355 -316 -80 370 581 103 -858 190 786 -117 -979 -395 635 -16 205 621 270 717 195 124 713 275 328 -173 -990 666 957 4 181 159 -103 408 133 -528 -672 -508 -857 342 -572 902 969 -85 -908 -602 -668 481 -298 -376 209 857 -630 169 603 95 112 977 -468 
425 588 -249 -444 -271 777 295 -375 670 -510 273 -30 -110 -678 894 202 -985 -645 869 854 -868 631 631 174 938 226 675 -990 -308 556 -867 495 872 420 -890 532 883 812 -482 -947 -177 521 -450 -436 -180 684 947 61 141 35 338 -847 -119 927 614 660 -308 -583 209 -536 131 -677 567 -652 121 -136 543 -864 -609 99 -659 -144 642 -404 895 959 470 694 134 -862 -673 -386 -347 315 182 -936 487 426 -919 -752 -51 810 6 
292 -761 -800 722 -845 -737 -809 -932 -159 -386 629 859 280 16 -386 -675 89 -427 -371 -445 -21 -648 115 446 545 830 -855 -575 -86 -161 -703 227 293 919 281 -288 -282 724 395 -916 -753 824 831 -989 801 734 695 -479 784 -555 -445 -986 -720 561 256 592 -324 178 408 176 -425 -54 -969 545 -523 475 428 413 -425 -812 552 -944 980 176 68 744 -464 684 43 235 647 542 826 585 948 -887 -551 410 -291 881 992 4 -808 
-924 -588 920 795 -344 90 178 -951 -800 -946 -228 -982 -924 200 725 469 190 864 783 -186 -430 313 -823 305 -24 -383 -484 219 -904 -407 544 -11 184 -290 -287 -36 -606 509 352 -944 525 -938 215 469 108 -103 -434 447 756 17 -157 910 -104 -371 -744 -771 111 -1 915 -76 -995 -31 -352 893 947 854 790 621 -108 699 393 -124 688 -410 852 607 356 -371 -113 -587 945 -649 -40 543 333 305 740 260 821 212 765 815 -446 
-457 125 -1000 -951 651 921 -992 -55 -694 -572 220 544 -13 -841 -421 -900 463 -960 -193 379 -998 -538 333 637 757 -856 -575 642 243 -934 -622 -358 -136 533 19 881 -540 -270 -824 -287 430 853 -328 -339 824 209 251 -973 214 152 290 994 -830 977 -381 -620 333 994 73 -204 -897 611 -969 -35 -984 166 -801 415 795 -396 572 -572 -523 -322 -328 -379 -272 -392 213 -177 -172 811 238 320 124 -880 -259 -161 260 -69 -484 400 486 
935 278 549 292 288 730 464 330 25 812 -312 850 -552 -762 275 439 746 -237 848 926 -433 183 -182 412 834 -50 403 -134 -328 830 357 -730 -546 953 -806 -61 138 960 72 -181 97 416 -341 -848 567 -377 206 -453 -311 913 -350 785 -314 545 -951 948 -243 988 -784 911 451 -702 -586 489 198 -116 606 -501 -168 498 759 -800 -402 -732 -445 877 -723 -39 448 401 589 -472 -520 977 -472 -456 97 -82 933 958 -77 -155 409 
-932 600 332 -849 -779 -182 -781 556 932 -764 -368 -811 819 -810 540 -314 -724 -502 -304 880 -860 922 939 -661 -70 668 -597 -15 -796 -584 711 -750 916 -646 576 223 -776 -442 -36 485 -841 10 192 421 -395 342 321 812 186 386 534 -130 864 253 989 -527 -189 -494 -218 -467 451 881 896 423 847 -36 -991 -512 561 -600 220 168 542 840 821 894 856 135 -740 853 -396 -140 -442 765 886 -761 -964 -747 656 875 -184 -51 934 
958 607 -838 -790 -243 77 97 -561 386 -842 799 557 834 967 -548 800 -362 328 844 -792 903 446 290 -376 678 -146 -807 906 -874 -248 -811 -209 -511 -72 -373 62 -280 -633 -871 252 411 263 432 -166 -625 546 409 -496 472 -846 -970 68 -777 -556 -906 -48 -507 -831 441 -776 179 4 114 -183 -892 882 452 417 -460 -819 567 -568 72 -752 -960 -214 310 193 -275 -265 481 -640 319 -162 -284 657 -741 28 -742 -127 -47 57 790 
450 -239 95 -884 -321 230 297 -12 -866 789 -754 848 141 165 -782 -171 -40 989 169 -286 -442 100 -556 -960 -794 -166 341 -947 322 -390 458 -940 239 786 630 510 591 -571 551 -255 -328 709 640 -774 -90 -797 490 -300 955 -219 906 498 -125 -709 -170 -397 -353 -171 439 -374 485 533 -27 977 360 -10 -687 24 -63 842 307 -601 551 962 27 -897 898 326 282 415 128 205 -893 -536 -656 -33 361 -394 -341 -875 511 959 -766 
-890 -929 448 24 580 80 32 -448 -703 561 292 -867 119 81 -193 14 -243 -409 -7 475 910 -306 -809 891 -895 29 442 114 -654 -23 -364 -426 -624 -801 -682 967 680 979 -489 895 -242 505 -178 -706 -685 630 -73 86 226 -862 -518 -83 759 744 328 -893 -457 -431 771 530 -674 73 -375 -687 -580 -905 -89 -122 800 -166 -543 288 743 436 -281 415 685 -624 802 573 -576 856 -198 -565 765 685 -422 572 783 -530 608 24 -944 
551 381 -482 190 -700 -61 959 -233 -123 -99 269 -483 -660 548 -192 -342 -882 641 822 -940 108 636 981 -612 -738 -375 -493 -858 144 43 -308 740 -989 -936 -128 -511 -213 -24 204 964 386 -811 688 -671 364 -48 280 517 296 345 208 113 818 373 -219 124 227 -929 443 752 -746 436 601 236 130 -241 416 217 956 2 -677 562 -999 465 645 -974 323 229 -578 524 421 918 438 896 -646 -151 615 191 17 -254 778 -944 894 
-796 822 409 25 72 -437 279 -724 950 876 -120 123 -271 553 -518 -836 -870 -393 -595 47 -666 -612 562 408 38 682 -930 -153 -997 -50 -634 908 -934 440 898 -597 -532 251 232 -629 -431 -43 668 -271 -284 -581 -127 233 -105 407 455 525 220 -20 894 868 -755 -753 -290 -523 58 697 -948 -570 370 -960 -411 -161 405 81 -380 823 -953 -456 506 -785 850 929 -769 38 46 911 921 451 -296 -380 -321 -979 -585 724 -350 -175 749 
-322 -907 -460 115 424 -729 -910 -1 111 658 -388 -494 -506 -9 -120 641 169 245 -330 -363 -831 806 -655 232 -526 728 569 -381 116 996 229 582 -10 -337 915 -622 617 612 -198 653 -589 -58 -770 394 -230 472 -977 -748 -73 -875 431 -662 342 -273 640 -231 -301 -113 547 519 -258 440 965 28 -883 -920 896 -920 -91 -342 -606 -327 -105 -688 637 -266 198 -298 771 727 -898 -544 -181 416 881 451 281 -374 755 -481 852 -957 -304 
200 205 485 -129 962 689 572 632 -323 -314 576 -564 648 -806 945 268 -614 728 -90 -951 778 -46 117 -918 444 324 347 176 12 -550 30 -879 -989 64 -554 872 -468 443 192 -605 -627 912 -875 256 -284 -939 -883 720 -478 -652 678 304 -444 -341 363 638 -348 -319 551 -621 31 -577 687 338 580 -791 557 597 704 789 -459 -108 72 -369 -894 -211 -159 -395 -342 870 -527 -554 -622 -733 828 795 993 -815 -361 -251 -721 337 883 
-900 -281 61 -529 210 -527 -664 -479 573 -585 -710 979 674 583 759 -341 746 -255 -516 -245 -950 -482 -860 348 412 -44 -737 -580 317 -380 -572 -758 -117 -812 -765 -745 -915 -811 -269 -445 -720 295 705 -278 363 568 -224 364 712 -705 -841 -734 335 565 350 875 236 869 927 220 634 302 -206 -282 430 -405 -140 -165 -581 -501 -302 397 220 581 804 -369 416 -225 -562 474 940 836 33 833 759 -890 -5 -34 -479 170 753 -157 -861 
-514 964 -785 -573 287 614 -545 855 -4 -531 250 -226 -724 307 -680 295 63 78 399 -595 218 497 -851 700 684 862 681 785 -862 370 -334 753 962 688 397 -667 -792 974 -884 -348 -912 29 -912 137 257 -85 579 143 506 846 30 660 28 71 627 -236 -947 -88 640 -898 411 -658 -438 708 -240 -930 -723 -318 -963 -721 -215 -82 244 762 331 -164 -744 -540 210 -117 127 -478 -697 -864 154 -749 -805 -161 195 -352 820 178 963 
62 -345 311 -815 -567 -126 -329 399 -962 127 353 917 -789 205 660 -431 946 18 963 -314 272 469 -220 -498 -188 697 538 -583 -882 -372 298 515 -914 852 -168 10 -122 289 500 269 276 -541 938 -834 665 706 739 -171 96 -235 18 72 -117 -313 -631 674 580 585 -526 -831 365 74 -264 -593 711 61 901 -279 -811 234 877 -65 -521 -517 578 273 -861 -86 703 -424 763 -782 966 -275 954 790 -380 984 -775 -889 -699 -970 -526 
503 558 -1000 633 -887 987 -18 -350 110 -978 35 272 872 410 840 778 -248 -523 -712 -447 -422 -125 -452 -607 -708 903 -221 -918 909 168 -643 -127 -181 -587 -939 -794 226 829 503 -650 759 378 -579 -577 -316 742 -316 -792 -603 -189 -147 -173 -593 -26 -459 953 56 -634 467 -663 -21 662 -868 -565 935 608 -907 -150 -775 690 -265 341 751 -367 -779 -492 918 464 568 831 425 -796 -429 913 -105 -359 218 995 763 -734 715 -792 155 
73 -398 -648 642 -306 -137 -659 -257 -538 711 -935 -427 264 -769 -285 624 409 773 7 -104 -194 501 -193 790 -34 115 808 242 -829 -830 625 -319 397 369 -943 -677 617 -882 117 63 -734 -937 -747 719 -905 -943 -350 846 -541 -505 -635 -315 587 -658 -342 -652 -709 -563 -198 901 -392 376 -696 950 129 210 -403 -554 71 -644 191 554 -422 520 752 311 68 988 340 279 19 -632 -699 -926 -193 -424 253 895 138 -523 940 -632 -89 
-236 127 -413 715 -862 230 148 -219 186 -820 428 -267 212 471 923 -779 -654 676 726 -629 152 410 788 -128 284 231 199 830 -57 -441 261 923 137 79 -787 -756 -384 -590 892 -386 36 -745 97 -29 -713 -151 330 877 417 332 636 160 152 71 340 -30 441 506 -660 587 186 344 -436 196 -550 -574 938 475 -777 804 719 -511 -387 801 727 793 104 -736 286 -633 780 972 606 -89 -963 -211 344 -336 713 390 -361 148 -782 
-57 214 797 341 -943 -83 -727 925 430 -799 -445 -872 -868 323 -242 -841 -183 -183 -950 55 758 541 382 233 -380 247 -30 -342 287 439 -47 660 226 -77 770 319 -887 -182 541 737 -663 -418 37 -778 -574 718 -304 -60 703 -120 -934 554 -264 -618 167 993 -221 -422 294 159 -690 -351 269 313 -326 476 744 -389 10 874 104 476 235 -93 -94 364 -575 309 -988 -955 758 504 -153 -330 -50 -172 -948 -658 372 -389 376 -58 -521 
881 -22 -338 -382 906 202 949 486 -17 887 -528 718 998 -83 158 -465 449 108 629 -761 -391 -832 143 -240 425 509 624 -629 989 318 276 99 270 649 883 -648 -114 -252 -317 868 -390 -888 884 -917 -883 50 21 -125 636 438 -616 328 -317 593 876 921 -481 -729 -681 -61 -19 385 -457 -583 -406 -789 249 -935 -987 41 749 -998 -416 -251 -846 -555 -119 963 445 -15 -13 -376 338 482 273 -136 955 565 450 -636 -791 180 -114 
-929 -994 -262 -855 383 234 -201 -915 38 762 -44 -915 -918 -52 854 491 30 -652 -61 -95 638 605 3 111 -976 903 -40 -222 -333 282 -247 -829 390 42 -496 452 430 318 154 862 -872 153 400 885 592 -122 96 93 -496 -346 790 -641 930 -113 607 -84 -521 132 61 175 -580 806 -953 -903 -323 385 769 -990 -361 -16 762 -141 686 789 -308 27 -811 884 424 585 452 -257 968 -140 -173 -522 165 -43 -593 580 988 238 -651 
583 474 -434 -930 122 -782 -569 -116 -19 862 149 -661 330 744 934 622 769 -535 370 406 134 443 648 417 758 -807 854 -386 283 354 90 439 958 -316 -440 -536 819 -309 65 741 -87 597 -474 28 -687 155 28 84 491 -636 -220 37 821 -623 67 185 955 34 -83 -910 511 784 717 410 -952 511 768 204 -383 454 767 -61 455 -670 70 -565 742 786 89 -199 6 348 -296 927 -123 32 -30 172 -414 -110 -833 306 235 
610 -165 447 -614 -30 -692 313 944 -234 760 342 600 -213 459 -567 205 418 542 -390 903 961 -959 -766 578 -817 -53 29 185 760 782 83 557 31 -991 -707 -471 -560 846 83 293 -29 919 -627 -599 177 918 -416 -400 712 -628 624 -329 338 -13 -660 -78 -11 -899 401 874 627 325 382 328 -599 235 993 -246 -746 -891 -209 378 -148 -574 -930 -678 -942 936 271 103 -325 -567 263 893 -431 346 262 704 190 853 631 -374 606 
-505 -258 477 -119 -675 -174 220 -570 -755 453 -262 850 136 -346 -233 221 -294 -779 -643 -470 840 -106 124 -893 159 586 547 -439 118 -253 -843 221 -23 -233 -383 554 396 -243 -710 971 549 197 -863 830 -229 371 254 -461 797 878 293 -319 667 -978 471 -707 136 -562 -685 263 867 759 647 95 22 -272 660 890 383 895 -364 -728 966 583 797 430 -91 441 -609 -522 -441 -413 -890 -608 793 231 -362 -967 -900 190 935 776 2 
-543 -858 163 696 325 492 445 940 -345 653 -949 -678 488 -166 -488 151 -139 -705 426 8 -273 -875 -532 -558 537 -184 993 873 127 244 843 -491 -555 624 610 -530 666 537 433 368 -889 -896 22 -490 63 -988 -49 290 818 794 149 956 966 -194 180 947 -826 -176 -820 -420 772 -317 345 471 977 -957 -967 612 -343 170 -257 687 99 398 -70 -539 -801 732 603 -312 956 181 -417 -199 548 524 -714 993 956 154 -77 -30 687 
-224 -668 -719 321 -912 -990 806 713 28 148 307 151 867 493 -493 -943 -627 894 -762 906 747 614 -728 124 -461 712 -281 648 424 -40 366 719 -931 671 -112 746 773 -742 206 -562 230 -666 -88 -702 281 -997 346 -318 976 -168 -55 349 -394 955 540 -438 946 -40 549 999 -69 -158 49 -496 526 -489 -75 -833 899 -296 -333 605 -151 -866 314 -506 -449 -497 418 716 -654 502 -508 -54 -423 923 293 968 984 719 91 360 -542 
380 -627 -122 366 -610 -771 -102 -51 965 326 422 143 552 -725 -640 949 -183 352 -158 637 -376 284 -543 -23 580 897 369 551 440 -473 -735 -755 254 -191 -834 491 736 -124 -509 17 -713 -800 879 -964 794 -231 291 -918 87 917 -793 572 -431 176 993 -696 806 -674 269 477 323 899 217 -587 351 -127 429 -569 -782 -902 -488 -353 207 -790 808 612 -270 -630 -44 -956 502 499 -799 -981 -14 -684 705 571 -951 -931 -175 9 -449 
-795 565 342 634 -788 784 6 -939 372 371 -848 -896 -617 751 728 -986 -650 188 -785 -319 35 -155 161 370 609 -516 -110 594 819 -447 -819 -709 625 309 -573 -992 474 76 -666 945 -384 -643 -232 994 -78 -980 500 321 -836 968 -610 654 868 -443 929 -240 -117 684 -21 804 -193 -209 500 -355 812 -798 130 -158 -383 397 708 -257 -249 -194 938 745 928 962 -664 55 123 731 794 -213 -36 40 953 245 -247 -964 105 609 210 
-894 275 -340 136 597 194 -58 -332 -989 -315 48 -995 -828 589 431 156 111 688 630 -796 395 -927 665 408 111 -626 -388 -683 -947 673 -95 262 -966 -454 903 816 -772 710 -896 -872 855 30 414 -392 -385 -408 -430 772 137 -452 682 912 -29 -287 635 69 563 829 795 -876 675 62 659 -607 208 555 20 267 -52 316 495 -63 90 -750 -696 755 -600 660 684 -302 95 -200 956 185 -130 -401 -335 321 -723 279 -326 -610 -585 
243 -889 -534 -16 378 815 344 459 -830 704 -512 -593 -860 456 781 -392 -109 182 92 756 -676 888 -445 834 -1 682 -426 157 -531 444 701 -19 -244 -63 55 247 -249 394 115 360 707 210 -242 -676 20 -998 -261 -553 -301 650 565 579 -19 211 753 936 145 487 945 937 868 -276 210 -787 -760 560 -289 -911 -780 674 -852 223 -657 184 126 162 -942 537 -487 -203 -32 619 326 334 666 628 64 -14 533 52 -802 815 137 
248 757 -613 -145 151 -464 -448 -718 -476 823 -837 -349 -503 -433 -747 990 137 -161 169 120 -73 -824 -773 584 662 394 121 606 -495 842 -581 483 -639 -475 -502 355 54 362 -574 -770 -998 -107 -525 -628 -587 -243 143 795 -636 -581 239 -669 861 972 82 -563 252 -661 -254 742 -244 -872 554 286 306 848 901 186 731 315 -97 -260 -642 -788 673 396 568 41 90 895 729 -137 -936 550 -379 597 979 637 -646 -311 -228 326 -239 
449 603 692 165 624 432 -161 -114 -380 206 843 -823 -525 295 872 -392 812 -779 -819 -148 -993 -558 150 178 242 -221 958 342 137 83 -382 98 -908 817 -964 -2 859 -111 -689 -568 -872 -319 -576 -81 95 203 414 425 817 561 427 849 742 -248 -674 -543 733 -560 94 -919 449 -662 -828 -935 618 869 -911 -421 900 -894 436 -414 -490 -81 -266 581 194 260 823 -880 -306 500 -581 169 -228 -376 -498 502 -2 -165 -518 -641 282 
335 -786 795 968 -543 755 -639 409 882 -726 -917 -179 813 121 -44 -201 697 433 569 -225 -395 -890 -576 14 -203 -973 -96 751 -49 -342 92 999 -473 -844 -762 -13 -629 252 -65 19 883 849 -723 54 639 -261 -579 -181 294 -601 354 -640 -322 -329 909 -983 -443 164 95 -956 759 972 -893 -159 238 -213 -34 327 -691 913 308 504 202 700 -65 -254 276 -453 71 -532 838 -699 114 -703 -671 978 184 -769 -31 -126 -707 507 -150 
799 730 -728 -891 -503 -852 -433 954 308 -127 664 -779 190 -994 -192 163 575 374 -912 -620 960 117 35 494 -885 128 -213 980 -24 -944 509 857 -611 -796 194 -11 408 461 -4 -491 -74 -49 642 -404 -104 -39 -305 1000 -515 270 305 902 -643 -285 -876 -437 -772 550 -826 560 490 -582 742 -307 -850 -493 369 266 -673 -735 -800 -475 365 -799 -737 -269 -366 -526 788 259 -651 75 -47 -335 -198 429 -754 -222 954 -736 -80 333 355 
-300 763 -320 -87 675 -285 697 612 -401 200 49 -28 -825 906 20 993 194 -248 372 149 668 -348 -913 -859 -43 -212 -744 -133 -136 -861 722 715 -557 -382 -36 867 -469 123 -469 -862 978 -283 -114 965 969 -732 328 758 -829 692 260 -807 176 911 503 -985 367 567 -766 483 25 176 847 -682 722 -49 367 -57 -237 -453 -326 -72 488 639 -315 -878 -191 785 -588 -373 -326 442 -207 -250 -693 573 -863 286 829 -260 -785 86 881 
-64 -530 922 150 422 -362 -299 -106 270 92 954 450 -578 -499 631 623 619 395 -656 951 -568 24 -67 578 985 157 -377 -660 653 -816 -381 895 -732 -789 56 -973 407 123 -174 619 257 -956 81 -921 -610 794 -332 920 -469 714 -919 -549 -732 715 -989 175 138 -420 -522 610 -239 -915 -621 71 -796 713 -319 -306 559 -511 498 -507 563 847 280 -319 -458 617 -962 -879 58 593 454 -998 495 -353 -866 104 -28 489 -24 -897 -643 
-671 173 575 -534 666 415 240 756 687 557 -25 -268 403 -518 -325 273 926 882 849 -502 -808 676 -518 34 584 -506 -237 -549 747 -984 -463 54 -137 659 -341 -705 703 -507 261 108 203 505 -784 -419 -846 408 -927 477 324 -539 271 566 -729 -50 279 671 290 229 -678 515 -630 -871 314 563 -687 936 128 -324 648 -172 89 255 -14 -648 203 176 -727 767 -41 226 676 -539 978 -473 310 -316 -12 273 -499 -224 153 96 735 
-394 473 -937 69 -795 -179 634 -601 -964 999 -133 -943 -288 -750 -211 -630 -736 -237 -130 356 583 -875 -839 -139 900 -168 -329 -170 -781 -442 333 -447 -988 -715 -558 -555 532 -473 -815 -435 -695 647 -781 826 504 -253 -657 -260 -105 704 829 -876 -49 657 -467 220 37 -488 -326 47 -24 -868 -868 -733 384 -98 -755 167 -521 -691 325 72 -139 4 -457 -381 923 299 -286 414 840 317 114 -889 -715 -657 -775 -275 290 788 -185 607 -149 
-680 -816 81 -809 -754 -175 -803 366 860 602 -203 67 410 -390 17 -706 -898 -69 -50 636 -122 -265 -179 -994 -967 228 -357 550 772 79 165 -988 75 112 -611 -778 638 950 -215 -475 489 772 750 -217 -152 -538 -741 789 653 -282 -60 155 764 942 -822 799 -542 -746 -869 -999 -337 -7 -600 -1000 -334 739 -429 -288 -423 655 424 684 854 174 -277 -991 983 932 -236 46 907 -599 602 -442 708 -759 772 485 483 -356 336 289 488 
473 991 17 -20 706 -916 666 567 766 -538 630 -184 -776 228 -585 -863 -945 729 179 952 833 224 196 -46 341 -713 -959 173 -64 234 -323 -103 -115 -524 -856 756 993 789 722 -763 766 -5 -401 448 1 787 114 -888 361 -320 998 -171 -15 -294 721 -427 796 -430 -948 -326 -983 -674 788 182 190 234 -155 186 -168 32 248 563 -113 -817 -737 528 -454 963 606 93 307 -894 -82 533 363 -597 -605 44 -291 721 956 294 -808 
694 -454 -155 4 892 -646 104 78 -800 -879 787 900 634 -330 -376 799 315 373 -907 -421 -501 926 -983 -470 865 -396 776 -357 313 -248 -77 -928 -170 -736 -904 -249 -189 -215 690 349 -35 -744 -612 -282 810 -695 -442 608 160 -256 317 -635 331 -810 -377 922 247 -285 -667 -517 -856 881 822 -949 -493 -667 283 899 -951 253 -477 280 786 -778 -557 -188 -819 -667 -892 -429 -491 -71 65 379 -261 178 448 921 395 42 -545 859 598 
554 -942 753 656 281 -807 -87 -463 687 -891 -105 306 -78 223 783 829 601 358 -56 -992 -891 -739 -175 -181 720 31 646 -358 756 181 -337 302 84 -6 348 -824 -459 -921 -315 578 809 322 -151 573 88 467 353 638 -882 540 624 -138 -82 -932 -1 -335 988 374 -568 -974 621 -500 960 -600 431 20 -431 377 135 17 -890 -346 829 -274 219 -259 362 191 -507 -271 -683 511 209 -601 755 67 18 258 -281 167 -887 -411 673 
410 666 -961 994 -525 -448 -606 995 -13 -130 -266 -72 483 -120 710 -225 -772 -77 965 -254 173 365 -984 -61 176 -557 576 446 734 -242 -548 140 -241 -724 -449 -358 744 706 -896 -626 210 -232 343 -713 -548 -136 -172 30 211 902 -92 134 -98 -940 -340 -260 -47 -833 585 64 279 -180 902 540 215 902 234 579 108 -615 -321 -942 805 -991 703 384 -776 413 -10 -164 482 -160 359 691 41 447 161 295 701 617 955 -307 733 
94 -430 727 -508 -382 441 -524 307 736 827 -863 587 102 -817 -133 -403 -535 -903 496 -864 363 955 10 -813 -823 -600 -95 -990 -500 -617 652 974 694 -248 -982 -14 376 165 -612 265 979 -441 640 562 392 -116 181 384 -829 -975 -814 -86 606 337 467 837 870 -571 -453 -522 569 958 441 -62 21 -141 480 508 -878 -204 -828 722 -578 -9 369 179 487 117 -134 -279 -387 664 -143 -60 388 -663 291 675 -755 -475 245 -464 628 
-494 124 -248 77 -286 -589 -752 -889 -596 -832 -286 119 -535 -616 -462 -398 -988 -977 -764 580 857 970 -853 -855 328 120 -870 -961 -568 548 232 -164 402 355 -585 -332 -260 707 217 157 -346 209 965 -946 419 473 -969 440 -63 662 369 256 499 893 -117 707 795 -461 -25 -326 -690 81 -402 463 -704 -474 200 607 -135 -616 -322 -610 -935 -369 64 -149 -822 -564 -277 933 -636 14 -266 -277 592 -661 439 475 230 763 804 -117 -229 
-344 -771 476 -498 895 -57 -572 770 949 -143 544 -703 -866 338 380 -454 -354 -583 -897 -140 704 -42 -93 -494 -896 365 909 -293 281 191 -650 796 -929 308 -657 -457 124 -810 24 698 -274 457 426 -69 802 -237 917 252 868 635 492 631 -710 -133 855 905 955 504 -936 833 114 121 734 881 884 508 405 -444 909 113 517 96 -212 -726 -603 -724 129 104 -752 743 -937 -837 -75 390 714 582 977 685 563 35 -209 194 123 
-857 -509 -651 429 314 -717 540 444 -570 567 585 -333 -371 94 73 -822 -400 865 -172 156 -786 552 -948 -347 -503 -626 -326 439 -237 202 -221 -958 301 548 -442 -727 -556 126 703 360 917 -716 699 217 -881 -935 -989 203 382 -458 -17 970 260 -678 162 967 -183 990 144 -585 924 -476 -238 -215 -777 446 329 586 -372 -613 560 544 -793 552 844 249 313 -367 -425 -913 274 -589 61 -1000 950 465 526 -830 -269 39 -473 574 -572 
998 -458 -21 643 917 651 -936 113 -382 979 -697 -732 -946 246 -866 -214 -818 -388 -530 214 -308 -845 -574 -119 -845 -547 -464 622 114 155 -842 192 382 -805 -840 358 -945 -779 -980 65 -917 -321 -278 703 441 732 -416 -852 -748 -985 537 -903 505 934 -331 85 -88 -75 129 297 -185 -738 173 -49 -598 711 491 -792 -20 -196 651 560 882 809 -637 516 112 165 -636 184 72 -38 450 564 762 579 875 -61 -281 751 300 -544 611 
891 66 684 -307 391 423 -378 -48 -696 683 -964 991 -511 340 -650 715 -264 304 749 -96 636 -537 766 181 -215 910 -788 219 553 56 337 -193 -637 -444 -755 -609 -990 599 597 -95 237 50 -226 832 394 -706 -672 188 587 135 -87 892 -467 951 -113 -651 -17 637 567 -929 -15 891 736 -838 975 895 -88 876 -819 545 114 -381 672 858 -175 -419 -744 85 -279 39 -429 -464 -654 794 212 293 182 -307 -730 223 983 569 207 
79 803 -97 135 33 -262 -206 -645 123 776 -855 -196 -13 -448 390 103 -685 686 -410 379 -732 576 852 387 905 -161 -409 -870 916 881 254 -640 920 24 484 -11 -908 198 927 -473 -225 825 -826 -974 -744 318 222 362 175 -367 -463 891 788 62 853 654 203 192 872 -210 -199 -464 155 -653 -895 330 904 -27 819 -296 -414 284 -459 87 102 -558 555 934 -447 283 436 880 -710 -247 685 -486 997 992 331 357 -390 421 -562 
899 -3 -853 -247 -668 -842 -722 -929 360 497 811 -44 98 291 -908 381 -948 849 -351 519 -966 182 -872 336 668 484 -523 -768 -188 -441 -658 -60 171 523 177 -936 -834 -352 95 470 -545 929 323 -583 943 -107 -437 -747 -857 -276 546 632 173 672 -720 -447 -963 -315 -807 -760 -301 279 648 85 485 -514 -47 685 152 569 -72 495 584 -241 -238 -91 520 -863 242 662 867 760 568 294 849 497 982 625 446 -993 28 623 -298 
-508 -916 -393 91 654 913 720 270 651 892 -566 -421 -564 409 293 -879 588 628 928 923 -435 -260 -931 -477 45 -683 -357 135 -506 922 525 769 -609 -262 -158 -905 -610 -815 -662 -404 -832 -608 -849 928 998 -740 931 990 -913 285 -338 -106 -691 848 385 -573 412 391 983 -276 -489 -824 751 -26 70 639 -556 493 189 394 -117 103 855 857 450 -4 -117 -484 676 730 -408 557 901 -910 -696 318 725 -425 702 178 -642 -272 994 
298 156 100 1 -380 -940 269 -585 156 -911 -553 368 447 863 -539 630 -545 -37 41 -938 922 -306 920 511 699 -250 -413 -149 608 906 826 898 684 -766 -942 332 -341 -331 66 -885 417 872 876 690 -924 -706 -918 78 664 -42 -378 -912 966 -183 -733 -475 -381 811 598 222 -552 -138 400 725 913 574 821 94 300 337 526 -711 451 -302 926 -841 618 102 351 133 356 -503 -705 -13 -295 65 493 -929 -566 -928 -187 893 -999 
179 -216 -763 195 -525 470 316 306 -721 258 804 650 946 230 600 -733 830 503 888 868 903 -21 350 -817 -457 -628 930 968 -144 -165 -358 -213 444 163 493 -513 -506 654 792 396 55 678 -325 916 948 161 -810 565 269 -596 736 932 515 -46 439 -675 -357 -781 -669 -242 -177 -681 -402 398 -695 -655 489 -756 920 -847 451 841 868 -981 313 206 -521 -290 -288 277 649 -731 282 251 -237 -556 970 -209 -227 -751 -508 310 941 
284 157 -746 423 -15 -9 -80 -766 170 -592 -913 -663 264 -142 71 933 -566 -842 -227 -74 -578 -230 136 -850 -779 942 -540 973 -938 567 -121 605 756 -199 412 -357 792 863 436 386 773 -637 -493 -441 -112 -953 890 -1 345 987 -898 -776 -803 392 64 -544 -222 -534 723 -708 -791 83 -551 -551 -332 -691 347 558 896 -526 -821 564 -745 870 436 -926 -922 242 569 662 562 335 732 -376 201 859 762 833 -186 -749 -624 190 -949 
354 -718 -403 -976 305 -812 751 805 930 -396 -145 126 607 495 470 -289 827 -430 410 -527 -261 -579 75 231 -814 -472 595 -956 -849 592 211 -715 -471 -851 736 820 -855 694 -654 -833 206 -400 925 -904 242 423 494 -392 395 -386 -60 -99 -193 507 86 -418 -307 172 -818 -943 -475 468 -761 -844 -436 -151 -563 421 98 896 404 -810 -316 -121 -84 -821 -81 583 727 426 63 370 -721 284 56 -646 -959 58 786 113 -869 310 -751 
-895 -757 870 -711 -846 354 -833 527 -437 -536 430 -366 -905 558 -800 931 -946 23 -197 -183 603 -541 -916 375 143 949 -585 350 -795 652 556 -107 -499 50 -955 444 52 -937 -496 409 -280 324 352 823 -90 -128 288 640 -3 -177 717 417 568 275 636 -122 374 585 421 977 -911 292 711 -113 -680 -382 696 -736 413 -336 136 -94 -726 -175 -967 689 -941 972 -78 277 319 -247 398 -848 -568 526 -254 -121 266 290 583 524 735 
699 -379 -817 257 -425 -38 937 961 20 934 988 982 765 134 -120 -757 -424 -261 -332 841 311 -132 411 -91 -360 841 77 -175 50 551 523 880 589 -369 345 -571 157 271 -717 -726 608 158 553 -517 91 692 494 287 674 -305 -521 -408 496 610 735 71 -156 -94 146 -205 393 989 974 36 -624 -383 -618 -517 -637 607 -3 465 -843 -804 900 600 -280 816 342 544 -375 188 -938 225 -230 633 -582 608 80 437 474 820 -485 
895 458 -649 -339 665 783 113 -978 574 161 -485 142 -651 229 -621 -638 -471 587 711 -982 998 -806 -486 -70 445 -628 338 964 -842 -961 -157 471 -195 155 632 135 536 -106 -792 656 888 -60 -204 -985 581 547 -262 987 -731 -621 72 -343 386 -403 -432 -987 154 -120 81 711 -393 29 575 -137 -382 -678 863 -872 626 374 -299 189 -161 -136 816 -643 745 213 -2 151 653 -393 882 -996 194 774 -980 973 -508 -589 -663 785 99 
-19 321 78 257 -532 -715 310 -511 398 -279 51 -842 -218 -8 400 894 191 -979 152 -502 919 893 -822 -315 682 620 995 -904 -587 -535 597 320 -438 -500 -375 513 984 -165 85 912 256 653 -462 -981 -672 -100 22 -360 -234 -11 233 942 733 -815 -455 140 -428 330 -825 -756 -735 192 -925 -567 -426 453 -540 -891 -911 575 473 641 532 503 496 -105 -846 90 320 906 487 833 -604 -237 -942 -239 -379 723 5 -360 475 371 968 
664 532 -385 416 -573 -901 48 268 638 974 420 -39 100 81 171 381 -71 -320 -420 617 -622 -302 890 -736 638 -338 -425 369 168 264 466 214 572 651 -603 398 122 415 595 -276 -875 665 -825 -295 -829 418 -543 529 -846 -741 -141 510 -717 99 -286 97 524 -876 407 15 -135 -939 676 749 -448 230 -286 -156 526 -115 792 -378 -645 -245 579 489 -881 688 647 328 289 823 189 145 809 -420 784 239 276 -592 -356 730 -127 
119 -663 45 -927 -366 -721 588 -197 -623 807 281 623 -308 -384 -103 633 -705 74 276 -459 -668 -383 -547 -768 -978 373 987 76 -923 578 -523 -401 -519 709 -46 863 -308 364 -826 -110 -837 -689 862 -775 -729 871 669 534 -439 835 -499 -16 99 -175 670 -463 371 780 14 -983 541 287 -236 -795 -457 684 -251 108 331 971 399 -76 -497 -359 173 -553 965 -791 -963 581 -911 731 -151 829 -163 -975 -792 330 499 -746 792 -179 49 
-40 -144 238 -618 670 -268 278 367 -936 -225 -871 969 -993 482 -507 272 281 -232 -670 374 699 736 -306 866 -838 675 -407 92 -143 144 694 907 40 -903 950 919 -947 107 -158 139 -5 -197 -636 -716 28 931 813 -536 -40 13 -267 100 -871 758 -907 683 399 -710 -467 137 -569 -470 -166 192 -126 -414 190 -307 -839 719 -991 438 523 823 450 -829 649 -946 592 72 -25 341 247 -620 686 849 698 -706 -63 295 -941 147 -709 
803 747 346 -126 7 -717 -345 758 707 -372 719 -959 -31 357 690 -752 387 -567 -400 342 -23 -641 -574 72 -475 -350 -577 -190 440 -995 379 -442 -658 -999 -119 -171 437 172 745 156 -779 -318 -508 453 -984 542 940 640 -45 909 -310 -243 -23 -588 -848 -952 -296 433 -354 -76 -336 -347 -678 190 -188 -30 169 -18 -617 702 476 523 673 909 -393 -945 -830 988 821 937 859 459 -33 -636 -346 709 972 75 557 58 259 -852 196 
947 532 5 402 -765 607 773 -240 283 920 274 -316 -133 212 249 812 648 -710 -807 453 -393 -580 254 976 182 685 -37 -411 -950 -348 113 560 19 -529 -850 231 -678 696 23 -716 -304 671 410 -382 975 -310 441 -378 140 -527 -135 -744 611 -103 468 -166 238 -543 406 198 421 439 439 191 -118 -238 226 -803 285 -290 841 363 680 -343 -953 -942 763 884 719 357 820 -392 -663 -325 901 -483 127 -240 644 -359 817 -798 -367 
149 202 -499 875 547 -338 -800 -279 80 -512 -82 422 465 -539 986 -463 897 -113 815 906 -276 -34 -374 -353 875 -814 -31 -764 188 552 824 895 -128 -249 -476 985 -865 406 -975 607 -154 302 -4 -878 463 795 -788 412 792 852 22 -84 -784 648 -541 381 440 -538 767 833 -615 984 264 628 -144 707 23 -361 1000 -182 656 111 -477 336 802 621 -332 892 691 -4 366 -444 -686 -157 -844 400 361 -455 782 113 -668 -358 -563 
512 203 -580 156 15 -10 656 -741 -704 603 347 -214 431 489 597 865 -2 228 -653 -819 -159 -858 -634 -525 -696 -547 201 -83 331 -217 493 -716 104 -401 50 -973 -881 723 288 577 -946 -197 -106 -367 852 -343 -362 356 673 -874 718 -622 -183 -226 536 -454 -572 236 780 -31 -401 -585 -227 753 -107 456 594 519 -651 1 598 602 -876 734 -486 -445 814 66 -504 -761 769 564 548 381 -98 -856 27 -359 668 -712 623 390 762 
459 52 573 -133 -136 351 706 727 578 533 792 -201 -541 744 -851 -297 -506 314 -100 -224 -448 -689 24 -913 839 725 623 574 -162 -698 -855 57 60 -941 -459 -829 886 -740 -506 581 -240 -188 -450 67 697 405 -479 -700 461 476 -784 681 76 290 -82 -887 335 63 922 -674 503 -39 687 -605 777 217 -782 -166 -730 -985 -962 -905 159 -565 -928 231 -588 59 -645 24 -382 219 680 -344 -661 -361 -402 -283 234 -762 71 784 396 
-621 -851 870 -828 224 -97 210 591 -76 -483 979 -804 -849 -358 -140 -711 451 -159 -522 79 486 879 -556 667 250 -204 714 -350 96 218 602 749 530 -252 -178 -505 689 766 -607 498 198 -677 -521 462 76 -486 103 764 20 -939 -518 716 172 -789 -929 -195 -640 759 920 -556 -631 -259 202 -481 -904 -964 935 935 758 -996 -270 737 677 -351 621 4 242 -699 461 622 -750 429 -525 -203 -444 -211 -400 525 546 -981 484 -782 -897 
-673 -673 24 463 -583 -198 -409 977 -877 -827 -785 134 -784 -314 291 -454 -911 -679 -853 891 -163 190 407 -843 -170 -928 136 -481 772 -521 -627 432 190 -943 745 682 -186 716 438 690 827 -724 718 -275 -393 308 226 910 -996 -694 -780 264 -361 -415 350 680 -287 -515 -608 -194 -927 -152 685 914 97 -568 -31 663 -289 829 775 -138 -133 -204 -181 -116 -514 -27 -674 -271 410 625 756 -528 -995 -825 -320 808 233 -111 379 444 959 
-718 -228 -990 988 -766 620 -87 377 211 -126 -198 -794 971 881 -797 -245 -857 -597 -886 -431 804 -159 -999 -184 599 -491 -340 -150 -681 -458 -516 174 122 339 -494 -53 -46 609 -374 -699 183 -906 -705 -601 697 893 -782 -958 -659 -759 891 -621 -157 892 -172 724 -383 -120 753 -9 -966 161 658 -940 780 -430 880 100 138 -864 898 439 -962 364 665 912 480 -528 115 939 567 249 247 13 -575 687 -513 953 -858 475 -479 693 -535 
-618 508 -210 -586 -345 510 761 -868 259 -318 -396 522 251 -582 -762 -147 -332 618 -427 699 -186 -312 705 375 -560 -522 -134 560 -963 808 762 472 410 -430 -768 -392 671 -37 -583 -352 -647 -26 -694 592 -673 -13 -290 598 436 822 -855 -900 599 -914 826 107 -410 -393 -164 815 102 -245 664 -651 -519 -564 -406 -590 506 -186 870 946 202 -64 -182 -251 -508 -667 155 -319 400 130 -67 878 507 -198 119 -238 241 -737 885 881 653 
417 337 600 -138 -115 570 -520 -653 -278 73 379 222 715 -856 344 458 437 -459 924 -803 -937 -606 -337 245 -434 270 516 -457 288 653 -323 965 809 435 434 91 -536 -836 -615 -10 48 -560 131 28 -664 407 888 138 733 -627 -74 68 -444 -483 213 52 321 539 -500 -371 826 -535 -62 37 -349 259 49 -212 -780 -702 -21 -761 -254 -612 959 527 87 -987 -584 -793 -514 303 569 498 -705 82 512 -756 -234 -509 773 955 751 
-388 -599 -757 -383 695 -404 -107 -283 933 244 732 -485 -369 796 416 -566 897 739 -353 -36 857 354 19 -692 -146 -619 -995 -903 -46 234 284 -857 449 -406 860 64 789 0 -700 898 -903 762 -736 -832 -913 244 -468 -268 -458 423 -914 444 247 -184 -61 553 -214 142 -513 -928 184 -444 -501 -980 -955 1 958 361 450 419 568 221 913 -774 -413 -673 345 746 775 -929 -947 -146 655 -287 -871 798 125 717 738 630 241 820 -53 
-219 218 800 486 784 859 153 -976 411 235 -823 -207 -655 -64 -523 546 495 10 321 -371 475 13 143 -91 -216 359 35 519 98 -129 872 -46 605 902 -80 -338 -818 -634 -830 629 -119 -96 389 942 902 609 -787 -40 182 132 649 -194 228 47 788 974 -614 740 609 229 -130 -693 790 -248 -562 564 -42 152 -521 -560 -319 874 -949 871 -623 852 335 26 901 142 500 24 -274 -556 88 -108 -276 -708 -487 -85 945 -561 313 
-399 -281 -208 186 -927 847 -813 -810 -673 -504 396 143 -524 367 358 668 -30 -223 912 -431 -244 478 777 -298 -103 215 -336 220 -138 490 -840 -197 90 746 -543 -743 -41 930 483 -761 -998 814 212 -786 630 -488 -24 -410 -993 -110 -357 395 850 -202 87 852 790 883 -299 -43 -183 -489 -118 -695 -335 -742 -325 -971 -895 570 488 -926 535 -67 290 896 -441 626 -812 122 -378 143 -112 600 26 -627 396 -930 -272 603 835 18 -435 
452 457 488 444 -15 -239 -138 -255 407 123 -656 423 108 -13 -309 829 -566 -882 -971 -633 -460 330 -337 540 -20 661 -991 212 547 624 -982 49 581 -681 -302 957 775 -314 -128 -169 -118 -909 354 202 -617 -563 364 951 -665 855 -324 456 -901 935 -337 190 762 26 544 637 913 716 832 -183 -248 237 -650 -140 -265 929 131 -807 616 656 324 230 -775 838 578 642 -690 -656 87 629 -29 411 597 813 619 964 -458 -500 -694 
-773 498 711 774 325 366 880 -7 545 -805 -229 87 -83 467 224 -558 -879 560 948 123 -674 830 -9 -658 -38 -17 -446 383 -935 -108 -121 501 -71 -890 285 9 669 -778 69 524 -786 431 690 -741 393 -346 -67 -739 362 -607 604 -527 326 818 207 -197 55 747 -601 -596 -786 -924 -899 709 521 532 439 478 450 697 -415 -34 -737 905 133 -672 190 -482 603 797 -698 833 846 949 -900 664 199 746 -243 286 -557 560 289 
54 -416 -658 -636 471 -301 -512 -317 38 696 -864 -814 -593 116 -460 -111 -670 -328 729 617 988 603 -841 286 -897 -462 -178 974 470 -144 -670 -794 657 -947 -276 352 -520 -417 30 833 -446 -95 581 994 927 -285 907 581 -284 965 950 -822 -869 -237 808 -777 498 -500 484 687 646 -646 325 951 -31 283 457 379 -114 -679 526 354 356 266 600 554 497 -743 56 407 -710 787 -987 316 803 -817 -236 -531 -959 -584 -374 786 901 
-688 -311 943 -279 707 -242 369 197 -358 -376 61 555 17 894 -411 -782 525 520 749 880 495 683 -682 -123 594 -921 14 -212 -589 215 148 782 67 764 804 820 -41 -366 200 438 831 915 73 -494 -168 409 -964 -134 -580 -848 -800 650 -976 718 201 443 -29 57 -3 793 -622 -118 -517 -199 575 706 -333 617 31 -143 60 -343 564 -134 846 -73 -860 755 -600 -453 480 220 353 94 83 -84 -815 834 292 -879 -767 643 -554 
-888 562 -280 -664 213 -181 -171 714 -916 -429 574 43 207 742 714 -458 739 -949 835 665 -348 91 -552 48 -304 683 -194 607 -981 436 229 -127 535 882 895 696 -467 -918 749 -255 -795 613 920 -506 903 206 -233 -156 -641 121 773 166 -495 961 -558 -826 -730 -7 391 601 739 758 672 -150 259 689 -567 588 -31 786 -715 -608 -842 -634 287 360 -827 911 950 -201 -508 -897 816 877 580 694 -451 -300 907 548 998 -454 167 
514 809 -911 927 178 -563 12 -730 260 -990 758 483 389 131 793 807 -691 7 -859 -484 -557 -441 -906 -368 79 -225 -151 -8 845 812 -877 -683 607 737 -974 -37 -275 288 848 -887 -560 988 74 -876 511 99 82 777 -102 999 263 -838 140 525 -143 -897 544 819 303 361 -538 -865 609 554 132 -997 832 -762 44 752 23 104 -716 256 -770 -279 -596 -490 -880 -736 665 482 -812 -305 437 -471 -909 -894 -240 -710 -163 464 -213 
474 -162 -928 -302 174 -148 -900 -788 -475 -230 -847 -489 -610 496 433 -119 635 -312 682 -394 954 373 39 -887 -559 724 -882 755 -337 -959 -918 509 139 -697 -416 834 52 -119 -667 -979 164 596 208 -816 102 -553 -713 731 -572 -244 3 869 185 110 701 -866 441 835 -390 25 494 -929 861 -419 357 666 -761 281 -533 -481 93 -978 395 -59 344 -879 659 -685 409 -468 264 -107 -183 594 174 -145 -528 262 990 837 -155 493 -203 
774 556 -91 137 -551 -665 -200 -309 -799 382 47 295 297 931 222 705 -904 858 116 -858 238 915 -557 -661 143 -884 -244 -865 901 -254 514 -304 727 -134 -885 298 -105 -13 -433 847 -189 607 -64 -240 558 -839 -815 -784 740 -802 -167 -432 408 -61 446 -759 -409 -178 -962 -427 915 917 629 -260 22 336 -850 -52 -664 605 -223 43 -755 -579 -253 226 -729 282 64 -921 -491 -89 -832 217 266 973 -522 -327 753 -61 -842 -543 -476 
-783 357 -28 460 32 185 -198 185 911 487 219 844 262 779 -32 986 26 -272 878 -938 -525 199 330 297 564 400 319 761 -915 -533 -900 -995 -629 887 349 -618 -351 738 438 531 -291 -280 -737 -313 -423 -919 -456 672 -404 -490 785 121 411 420 636 636 -14 -27 152 -41 217 -900 -430 -260 274 94 -645 592 763 -155 -86 -562 -491 11 714 813 373 456 -900 469 426 231 -335 -864 -89 -324 596 -512 387 -795 30 854 751 
-164 -627 -529 96 100 226 -90 -354 -846 -754 -135 -72 -962 -155 -44 -171 199 267 -904 43 662 812 -779 -264 -924 4 -994 450 472 -673 -870 -927 56 -341 865 35 -886 259 -350 -606 -206 -584 107 789 358 21 953 -874 -503 -798 494 -903 706 677 985 -421 -338 317 520 -551 -286 -843 -885 -592 -8 593 -248 341 -589 341 100 -75 -862 -501 -276 -775 976 286 -819 -463 38 149 866 730 -242 958 53 827 -427 723 -380 984 251 
957 -285 839 421 -566 -397 -203 867 311 330 -513 -895 193 912 625 -432 687 594 -457 -626 567 955 372 721 252 559 -91 -767 973 456 287 -352 303 128 -984 -652 993 156 -160 214 165 971 28 -656 474 -141 -427 373 -848 -974 -331 -564 45 935 377 -531 -623 638 165 -84 855 -102 676 -659 192 -349 -567 185 278 753 496 -180 181 93 113 -903 563 -711 924 -142 167 -798 -604 -84 -697 -726 -789 -954 -822 -444 185 273 -445 
905 96 -398 -12 -783 -748 -269 -470 152 892 -757 79 -501 295 291 776 -868 316 992 -165 43 396 -524 467 966 -273 604 -504 -543 9 -892 38 -551 -789 873 -796 -256 132 682 556 -64 297 590 63 -817 162 305 832 704 864 413 -617 371 -367 -41 -500 -250 303 419 853 734 -123 -672 -759 -423 64 -657 -550 316 -179 598 32 386 -244 -381 546 -131 -446 202 -174 830 -573 -19 -7 385 663 790 -713 896 348 606 -405 639 
-108 -759 818 26 439 -187 939 431 280 817 35 -222 98 -349 -278 -685 -731 -91 67 978 -128 450 611 798 893 -653 979 143 24 328 331 -265 130 -696 821 163 -433 -227 328 -435 -658 211 746 -437 436 631 476 -136 -561 806 -941 353 -523 648 -673 410 206 217 -729 -253 -861 362 437 -232 -783 927 -804 -193 414 -657 226 -575 974 -476 -389 -317 61 -982 -488 -824 -321 -405 -470 -317 677 -919 601 -131 -233 -357 740 -557 -141 
-637 -341 -996 -804 -634 969 639 906 -822 101 313 306 860 -273 865 826 306 -325 -148 801 -66 -317 529 -571 477 432 939 265 -877 -276 -408 641 874 -472 938 -122 -119 748 -526 600 -5 -17 -81 -742 751 -772 166 -253 13 260 -408 426 146 -846 245 -431 -234 -629 324 -609 726 464 342 -109 -918 -571 -665 -792 -1 -215 957 -739 201 -975 -397 566 338 -971 14 -483 960 532 -33 828 684 662 281 703 800 307 368 153 -269 
269 894 -317 -254 533 -902 -230 -663 -739 341 3 -456 -173 927 -868 -971 544 16 -416 262 912 952 -632 620 -19 -880 -558 981 -778 134 -675 -693 760 -89 549 -733 -126 787 -920 913 -800 651 210 294 -577 535 -786 368 19 272 -753 -387 346 160 125 -812 731 611 -468 -642 451 -774 471 147 -46 636 579 -960 946 730 -521 421 613 279 -243 274 256 150 -455 971 -314 175 502 306 -126 306 663 -768 -596 308 -514 -374 684 
720 702 -121 -111 -805 774 137 236 -502 745 -113 -346 546 -891 -156 -548 -824 -80 691 -85 -366 276 186 992 -236 -931 -209 863 -893 -955 616 276 -777 -716 672 -519 -361 851 571 441 533 -462 -878 -129 -119 -126 -18 286 -723 590 -600 -746 -374 -983 -99 -653 741 400 941 456 217 -482 910 -785 560 -719 342 -979 222 728 -664 125 181 -241 -665 -477 -31 445 231 -461 727 293 51 -291 -697 -150 -544 -253 -547 957 -593 406 -83 
655 -800 861 -243 -272 -897 363 152 217 641 -79 367 5 -554 -195 434 10 -712 -996 213 -410 -481 419 571 862 839 1000 213 -407 -58 -623 -699 -66 -175 815 546 -543 71 467 -910 156 -266 -704 -968 -609 -766 181 474 21 983 -72 -836 -338 913 -788 906 630 743 670 -294 -607 -121 279 -243 -826 412 -276 -4 750 570 -457 169 183 -58 -921 -878 -68 -561 30 236 -958 -545 98 73 -238 228 506 -124 887 -56 94 627 -249 
-941 464 -207 308 199 -117 -26 903 -928 415 270 359 339 -176 -283 -739 792 -214 797 -328 164 180 -771 -424 166 155 608 -966 435 -809 24 749 -230 785 591 -689 -485 -429 677 -408 746 -346 504 811 213 715 245 -587 318 -512 374 -244 -704 -672 -106 109 670 -661 -500 104 423 416 849 550 -208 -83 990 -590 721 854 -89 748 791 279 -800 -330 175 495 894 -486 -22 -690 736 370 845 427 -419 335 -570 -164 539 408 -949 
849 146 74 -676 -620 -102 574 965 883 -925 -661 285 -328 866 -712 58 -312 707 399 -356 837 273 -886 -887 -182 197 292 523 136 -528 864 -373 -408 -911 838 874 -644 -3 -712 -995 -257 -763 -812 74 -542 192 208 625 532 326 599 711 -655 -696 -829 -123 -140 993 943 -778 552 861 85 931 249 780 -884 -508 -782 623 670 -77 -826 500 660 -653 -110 -823 463 -606 968 -93 -838 -792 -809 -232 303 -357 -308 -375 978 20 -903 
-907 -240 -863 870 541 -95 229 277 162 -676 -475 58 199 -456 -457 -680 -276 444 -797 495 -705 671 -357 166 -506 -983 -813 615 144 -644 397 -387 718 -480 534 861 -352 -513 803 783 794 -835 826 402 -78 863 330 50 -294 105 237 619 -411 -739 967 502 388 172 -556 -214 386 -786 -191 -456 485 -135 242 501 22 -745 794 -935 -48 -66 -217 -834 -787 196 -795 -870 -166 612 -353 -648 945 805 412 -188 -93 209 698 518 499 
-479 -985 -530 -951 52 655 622 417 -184 -108 551 -168 -862 -480 82 -303 178 493 -728 -203 -716 -877 384 -988 137 -730 152 -807 -317 545 163 584 636 -789 811 481 -615 -274 -464 -942 681 880 -42 108 -673 -614 -884 -712 268 173 769 -865 354 -652 -467 -335 84 -493 371 -851 -429 193 -488 906 -662 761 -76 770 703 -886 -590 -614 -20 -459 741 368 -234 855 541 12 410 -167 -155 22 242 757 108 -38 -633 -17 68 955 -525 
454 -758 954 252 863 -985 216 -424 134 -264 920 236 -414 566 -186 520 868 -792 -590 -536 -618 291 -417 742 -875 -859 791 318 -12 610 -421 347 669 -998 -733 -169 -261 -599 395 863 -596 -174 -725 199 -196 -572 -625 827 971 -953 944 -623 588 -778 -506 543 901 -361 -824 513 -723 -264 322 384 -714 -706 -1000 -600 826 525 109 147 722 -972 -241 -733 992 -932 375 354 382 436 799 327 448 991 -626 -915 -795 -237 -354 -180 814 
620 444 677 166 588 -927 252 -869 -839 -617 -617 -485 762 999 778 -155 832 -35 -410 832 119 -40 182 -518 -985 516 563 -298 -625 461 331 -321 569 -712 301 -929 933 -721 286 585 -135 -146 -5 -517 479 -488 -654 164 -640 -438 -580 224 -959 323 908 897 474 -421 167 -581 -235 679 -323 -516 -147 342 344 502 260 56 978 654 -801 308 380 311 264 -106 -289 300 -329 184 -267 847 788 -551 453 676 218 -866 96 -557 734 
779 628 -801 -866 115 35 604 959 480 -607 -521 -676 -934 954 -751 567 -931 -439 702 93 -465 881 -706 -764 -808 -620 144 -611 -307 -904 198 761 -292 -416 -525 159 817 -189 874 -252 530 -530 46 116 -676 174 876 880 -930 331 -581 -648 166 865 768 403 182 274 -442 -284 771 162 -682 -775 585 999 -616 -9 -622 133 643 -175 744 -754 994 36 153 -617 899 909 309 -77 713 -922 353 -832 -834 -218 704 472 -760 24 -442 
-597 677 441 -900 -215 -866 -931 -641 -399 -608 -787 -644 -131 -750 611 576 -5 989 704 -534 756 326 -626 471 907 178 876 -768 652 -361 -121 -278 990 166 702 893 346 747 266 93 727 236 -624 920 -855 491 373 -352 -709 -291 127 -774 -420 -820 660 148 -602 -87 -217 -400 89 -641 787 -492 788 658 -117 405 783 812 363 -846 816 -954 542 -287 826 537 102 -74 -716 959 -487 -268 578 -259 952 670 952 -854 -436 160 467 
-464 -204 466 -264 -390 -617 270 913 777 -166 2 629 955 -593 500 -232 176 73 -600 -760 791 -176 818 202 37 777 -462 890 154 -420 -40 -164 -18 220 -479 396 956 499 -28 302 -562 -199 -254 -758 -902 -575 -32 -437 975 -338 -43 576 -659 -114 -898 -630 150 872 -506 279 -35 822 -757 736 -46 371 -703 918 -606 -734 775 979 -550 -731 -438 -617 -603 881 257 268 -424 784 500 -887 -616 -194 -737 30 -518 -559 337 -101 866 
454 -711 471 -443 -113 -13 615 -351 429 -236 -309 -748 -34 -737 793 648 748 208 -139 -755 953 -925 -581 -874 -851 -17 512 -477 915 860 -18 89 270 -846 -978 608 -63 108 -127 -365 -511 -588 180 -459 838 1 733 132 983 -13 903 309 493 92 359 -766 -499 509 -338 -136 314 985 809 -505 29 -232 -798 919 552 765 986 -523 -93 -568 -793 -654 148 458 712 -742 -262 887 -724 -761 -827 -795 -907 -446 909 -891 964 310 701 
-904 -680 -839 583 946 -604 -163 977 -210 305 -471 800 -331 360 916 523 -218 -856 422 -864 270 -989 340 -754 603 945 562 -998 -422 28 -627 -610 40 -953 -940 891 -838 -756 -491 -896 161 -353 -366 894 821 688 964 -752 -597 479 -711 -35 261 976 -44 418 770 304 -321 427 -791 388 -312 -921 -241 148 -705 103 -574 -626 -710 672 820 600 -835 -584 405 -443 104 -563 81 -888 705 -358 418 -296 586 -107 -441 945 -847 402 51 
94 -976 -903 -199 725 -971 758 845 -759 -529 711 -765 180 628 790 281 -704 542 144 -980 -177 93 181 -854 938 -643 -670 786 910 -69 707 508 -990 -702 -379 797 -333 -91 884 748 -149 339 126 470 -920 -128 -702 -707 -483 603 -523 42 -30 680 -722 418 -66 442 -268 -127 809 -23 739 594 770 -966 -75 498 -821 -760 716 509 -358 -904 342 -888 308 304 -285 -796 348 609 341 -89 -526 -447 -594 -936 -496 532 787 -343 791 
-141 808 110 -429 -515 -967 353 -917 -425 453 705 -279 -650 345 -973 452 -108 -282 -553 -881 -595 -924 -919 -353 263 818 -306 451 -66 -600 -412 588 603 -923 817 202 -848 -58 -667 -541 -66 682 419 -569 155 171 -22 448 329 -959 915 304 -403 508 623 117 -529 -742 155 683 705 220 661 757 976 -858 -547 -713 190 -892 233 -767 -573 194 -123 61 452 -381 -60 913 -434 -574 -884 -389 -796 -186 430 -442 -319 61 -755 888 707 
-456 -763 -749 558 -58 -832 -909 557 905 -700 -639 -74 44 236 757 201 676 860 -715 530 553 -693 994 -703 -669 252 -924 332 -336 55 -940 534 615 -258 91 502 -110 391 596 -81 480 551 -52 867 -679 713 -549 727 364 -824 -608 -273 675 118 -764 291 552 130 558 -192 -544 -603 -998 804 742 -117 -961 -881 423 -6 556 -959 -772 -970 -457 357 654 334 -310 111 28 977 717 -413 -540 -974 -574 569 511 504 -861 -452 -50 
46 99 -375 -30 699 -292 507 -855 -432 462 271 -644 529 664 310 81 508 655 938 518 594 991 -245 7 -861 -770 271 -159 -351 -406 -913 -118 56 566 258 -909 -269 -168 -543 235 556 -55 -133 -281 -644 -514 -310 497 -979 443 -294 53 -13 -305 744 -429 924 -231 311 279 435 -750 752 479 -95 850 209 187 -666 -446 122 -299 705 197 273 -269 -294 642 -228 789 -988 -425 201 946 -773 992 -179 234 -18 -850 -835 998 66 
963 78 850 -555 684 -919 -188 333 543 -242 868 -194 -4 -915 -202 -363 -819 -552 45 275 -170 -679 552 -419 363 -329 643 495 177 -685 -152 390 -401 556 76 -807 979 228 -456 811 -9 -56 755 -580 340 987 864 -519 280 -495 -619 628 -791 -881 -618 -565 424 -906 160 614 940 -269 926 685 128 -340 963 477 127 240 -58 -329 421 -681 -24 -626 84 -907 -202 398 -521 -873 -486 92 -301 60 540 282 801 -702 -353 318 246 
731 303 305 740 -75 -750 -468 -992 13 912 -212 -698 660 821 -331 -21 977 -974 22 -865 -895 623 -356 -241 -317 -171 325 -66 19 -919 -518 -758 -739 259 286 -941 39 -356 621 -727 -923 46 463 -86 683 321 408 -314 -503 483 -621 131 938 37 389 6 -438 -61 -8 316 410 -338 -467 -950 -809 623 285 134 -496 655 672 382 619 -346 754 -768 599 363 942 -943 -566 -595 -682 -803 504 -436 425 -808 -732 -344 -623 121 726 
201 -335 997 418 -614 -234 414 -831 715 -540 -112 -793 226 107 -904 82 596 -156 -625 -715 -289 -428 -301 -353 519 -891 -693 499 -934 797 938 -465 -33 463 46 628 220 614 -312 -414 -749 -499 520 871 404 624 -958 -30 -976 -326 627 733 780 -2 -774 69 378 -923 -762 271 136 -937 177 542 517 -262 -664 -347 -980 -365 281 -963 -428 470 282 569 -945 236 -498 331 28 -664 502 6 17 676 388 529 -85 -753 -50 267 167 
260 -504 194 946 478 562 -706 427 813 -894 66 146 208 -631 -512 -776 -811 89 80 4 464 987 -802 -229 -278 863 -199 497 74 665 -24 -757 100 -328 959 995 -477 -359 -997 -421 829 858 868 -243 -889 -29 541 -413 519 -460 -788 -352 -65 -774 -590 699 -915 -741 407 -705 -549 -971 -562 -442 -10 348 863 508 -462 513 372 -530 311 236 699 56 -308 969 81 40 -968 354 799 314 67 185 -614 745 166 -103 153 -414 875 
666 46 -340 -491 -72 644 758 469 441 -296 -923 490 -855 375 -686 -938 161 804 -147 233 -409 -361 -322 -93 869 -461 584 -634 814 469 -877 452 119 545 -572 -22 26 973 -89 -386 -925 499 446 -137 462 -903 -284 542 -970 -518 989 -39 989 -167 999 -540 108 490 -501 -367 753 -301 -733 347 -223 -150 -415 -651 746 -149 -780 -134 -955 509 426 -516 851 -721 -512 -310 318 915 418 850 -409 67 -823 854 -118 124 -790 -905 -78 
-117 -690 609 -409 967 592 -120 -747 -956 878 -529 -620 -481 -161 -890 117 -144 -702 555 -418 -796 -976 842 -270 -536 -657 -312 -889 -603 566 787 -91 890 178 -711 6 -926 -362 640 -352 441 165 -438 768 513 -662 -282 -700 842 -355 967 218 602 928 -441 -234 587 -298 -45 905 -201 34 -450 321 -351 -331 996 381 480 78 467 2 8 895 270 346 -279 -650 756 -466 -926 862 740 423 452 -96 -446 84 -226 704 -408 559 -532 
-909 -598 -866 -845 -473 -532 -185 -66 518 247 -653 782 -506 -703 147 385 63 4 -119 640 391 -982 -574 -348 110 -862 570 -551 -54 -607 430 -569 872 599 146 -562 -607 402 829 -107 -376 -823 -807 554 -243 -911 553 503 404 -19 -798 858 -983 710 -312 132 -186 -327 302 -86 -40 -462 782 828 -61 -464 -479 654 -296 802 666 -940 -929 -123 -718 699 -248 435 934 235 -958 674 964 271 286 200 -92 -277 207 -472 -791 863 -678 
-676 -515 513 899 765 265 -392 -786 772 389 720 -242 -952 167 -105 -613 804 64 -59 239 611 -961 38 327 -642 -625 886 -292 -332 -966 -917 -259 265 43 -878 324 -163 -168 654 -562 -347 593 -949 844 -481 -906 -990 -853 -749 -806 97 837 -889 -720 248 39 -797 -142 420 899 -804 -985 801 255 769 -273 -801 -69 -194 -3 -987 709 798 790 337 835 -365 -53 -791 294 -481 725 500 801 848 723 -554 942 564 508 572 532 127 
-10 -642 -743 -16 -852 357 -257 -974 -727 265 -846 33 388 -281 -235 -556 153 -884 -440 161 -218 -558 -36 -501 985 -233 787 -325 778 85 894 -969 -537 581 -397 639 -849 -815 123 202 -618 -768 -587 -709 -85 841 -793 488 585 158 700 8 -849 -212 631 -261 -340 -968 -131 798 212 -451 964 598 140 325 -91 958 -668 -151 475 -371 -497 -117 -438 -457 479 -849 -974 846 -392 -61 92 -56 527 24 -874 -883 426 978 153 -429 211 
138 33 5 487 963 -306 994 246 -759 -357 455 -990 -782 -705 53 -633 598 -644 98 -921 -467 -608 -564 -716 -337 -962 560 -994 698 639 624 24 -330 512 810 873 552 -589 443 940 -969 -135 -777 77 248 -219 -135 -605 194 -438 580 -664 162 728 481 -16 -738 4 992 541 -968 364 900 145 68 75 472 -372 -737 -913 -332 -971 214 -166 5 663 112 -586 818 137 61 -162 -129 843 248 -843 696 51 618 524 -957 467 820 
-713 -913 -309 546 67 -235 800 -102 666 149 503 -2 154 -399 -702 254 275 845 -168 614 649 -927 -620 986 909 71 988 650 600 764 843 -709 -193 973 845 515 893 -671 -239 522 682 430 956 -50 946 879 -518 -727 -56 221 974 -765 945 -410 -744 -91 619 -109 -680 -673 468 -199 163 316 414 517 108 -606 -60 -88 -721 -383 -85 555 624 -203 -980 -895 791 176 -861 -409 783 269 776 119 -160 -933 8 -337 932 -532 32 
686 -600 -72 -454 945 762 874 -785 729 120 178 220 218 -630 -20 47 -779 252 -681 -901 -469 620 65 -141 597 -378 -683 -604 449 -400 392 -355 -178 454 641 -385 914 15 325 -268 123 246 338 -43 124 633 -98 -884 -791 -104 -211 -876 -41 606 -883 759 -124 774 421 -132 894 910 504 208 911 42 761 -429 389 680 349 -212 -507 -448 -50 741 775 371 234 -289 643 100 887 431 267 -983 -320 452 -458 -776 190 -353 717 
504 -631 -587 700 18 -855 -941 -167 392 191 -854 570 -762 331 -81 -182 -883 -596 -49 963 -36 -800 47 760 704 -307 429 -465 -982 -896 723 -119 831 -420 807 920 861 884 340 -595 531 246 570 385 748 -930 -910 383 -862 450 849 252 410 971 242 626 -97 831 -426 311 -138 86 -345 912 -492 657 892 -178 111 472 -488 37 497 313 582 -8 -779 574 -615 289 -147 530 -331 472 570 867 -510 -113 503 -785 -249 -753 -790 
-476 -659 -244 -999 -56 169 -69 -1000 -874 -697 486 -372 496 -92 365 -183 651 -458 -397 804 -697 -827 415 -779 446 -547 -685 420 743 -107 -308 -850 -824 301 706 -117 601 33 -391 517 -640 93 697 -822 708 -231 22 -99 -73 658 396 -336 483 992 -251 648 -606 -227 342 370 590 382 746 -467 -691 -879 -710 859 -48 -62 -119 511 -868 -37 62 -758 -368 -352 121 898 605 -161 -647 -438 76 164 655 962 127 -829 -416 879 -357 
98 827 -31 411 815 -342 -202 115 557 274 745 378 -516 905 -28 -451 935 143 -735 -621 -672 316 -187 422 738 328 23 -976 -288 -158 649 191 670 903 444 221 -180 185 93 -303 394 867 655 -84 -704 560 -572 -799 -419 -845 -27 -562 512 -705 401 -422 -483 -99 591 260 481 -712 -102 -326 884 945 511 -464 65 868 -924 155 621 -659 -758 613 885 147 721 452 -284 -743 -898 -694 996 781 31 -40 -148 -307 63 -30 -114 
-164 -487 -201 992 -381 890 689 955 838 545 -986 -483 425 186 -951 -166 342 -480 -439 675 -522 -418 -561 -544 -468 -124 -474 269 232 -199 -707 -558 -296 -58 111 82 212 -492 -46 112 -346 659 282 -157 -510 -281 464 -835 -385 -152 -542 -81 258 -927 754 -447 484 -547 -818 -379 893 -673 -97 821 80 787 -891 879 71 340 639 851 -801 -292 633 -951 -404 117 75 736 458 -952 -443 213 -919 523 -131 -648 605 -293 972 -447 754 
-892 87 -430 992 -898 759 242 -532 -295 541 -881 893 -238 -469 286 -916 811 402 -940 835 -632 250 -908 857 -521 294 180 -269 -361 -753 -232 -310 -129 404 742 -729 575 -654 -930 -157 386 -621 850 -644 787 -142 138 -641 -525 758 793 870 -882 77 505 87 -419 545 180 -425 -635 -116 599 936 670 892 -291 58 -255 -812 622 -280 -476 -900 -309 561 -795 -564 -698 -415 -344 -84 -146 732 716 420 -441 -358 -931 65 593 -169 -626 
467 -779 813 353 -74 47 423 342 250 -230 170 -336 -313 -271 229 858 -351 801 -663 -934 -348 847 629 -54 -536 263 -730 -438 30 854 872 -370 -676 993 380 -156 -302 87 361 175 379 -956 -631 -605 -663 -654 752 410 370 513 711 -913 -743 888 -130 590 -94 637 -281 -274 707 529 443 170 421 -557 -537 -559 -794 837 -140 665 -67 -181 154 -983 -408 -519 377 841 -612 -915 170 147 -229 -779 -649 399 204 -27 869 -10 489 
-89 17 -652 -977 233 -734 -458 -460 263 -232 -483 -476 396 662 -307 37 -48 -50 957 604 -693 -760 -308 858 282 784 -748 921 -197 46 427 789 -589 480 742 -397 78 415 771 -327 852 -607 -659 907 340 840 368 2 -109 -243 724 -808 648 368 638 887 71 416 686 -941 -264 -400 310 992 766 993 -750 -572 153 -754 -770 -708 -165 -536 -21 73 -776 -996 -173 -578 -819 877 -779 -926 -784 -483 185 539 935 779 -509 -385 690 
-693 -578 905 -260 813 -3 -254 300 81 -652 -21 66 -899 -543 -225 858 840 -278 -186 915 -32 883 -164 -637 -589 125 -133 -763 -72 989 486 -388 836 731 -502 -368 -286 -998 -855 -776 -468 -412 -468 227 -531 -349 948 921 994 -168 -396 736 -592 -39 674 -479 851 -948 449 682 6 -53 492 804 2 -301 -146 -843 629 411 58 279 984 -296 532 980 -715 -378 -8 -409 898 241 -227 -676 161 741 -487 288 -441 360 -69 540 -121 
185 164 559 561 -256 -358 513 172 -425 -49 537 -55 -331 66 69 -830 59 -612 -578 495 -290 -172 -486 -863 -760 726 -120 -701 46 -266 422 508 433 428 55 956 200 -398 -28 -644 97 -182 379 -366 69 788 -911 -630 771 -391 -2 -213 -120 505 -552 564 -778 -889 -818 -863 233 839 -900 503 -416 371 415 -968 157 -470 848 280 466 -983 608 483 -502 -42 -186 769 449 671 -612 -579 713 -346 40 863 -178 -223 177 651 -97 
-950 -102 999 -697 -352 -158 -375 127 -40 -967 -315 404 836 -705 446 -582 183 -628 -439 -629 -115 -846 603 498 972 -234 -715 -871 -492 435 -786 573 -560 414 829 222 -42 -948 -20 386 -225 -294 -370 357 21 247 -78 -676 66 -102 624 897 821 609 820 600 844 -599 121 950 -458 -360 -21 -30 559 440 -309 333 -7 -31 -393 505 -993 874 -365 -545 245 -331 17 566 109 -790 44 218 133 876 -327 -248 -196 -632 510 -610 871 
150 -888 428 -18 642 -833 166 -968 962 -327 79 399 994 387 -813 -774 -791 -729 -671 -108 -381 585 -151 -487 446 473 624 -447 -585 -88 138 -986 -247 717 472 785 -634 -582 -855 374 470 -847 -656 75 742 -649 -355 -559 275 365 16 -397 349 598 -693 456 524 286 -293 750 -518 40 726 -148 991 778 -349 -235 955 796 441 -21 644 -586 591 722 275 -405 -839 -607 -539 -383 -120 466 -39 866 490 -944 155 -847 -437 -275 -211 
-53 81 -250 637 824 -810 456 -149 -535 118 413 936 -803 935 -369 432 29 157 287 -599 -401 -646 -909 -403 -199 -957 -873 789 -109 -516 -982 311 30 319 768 66 378 -417 -913 -243 -329 970 799 -117 301 -433 -125 -130 338 -309 -581 308 -770 700 17 -4 334 -623 -171 -477 -338 907 -446 -962 -717 -305 755 693 -9 739 -507 -616 -390 605 339 974 -84 -632 935 991 992 -421 98 -817 -924 807 -914 -209 206 764 368 418 421 
-589 592 726 803 226 -315 429 -936 -800 973 377 941 -64 24 36 654 -778 -113 -851 -389 752 -213 516 -271 177 -915 992 442 17 298 595 -146 431 88 -765 -333 460 308 -17 -67 -252 -39 -162 -622 -385 -905 565 -901 972 -360 669 -43 -912 682 390 -2 412 578 -398 709 -223 -866 -413 -398 -648 349 615 619 -264 487 -331 -550 925 -201 -254 -937 -510 -150 719 960 478 749 -714 -26 -597 442 -800 744 -58 -810 -439 -99 -251 
63 -16 114 -147 446 -385 -940 -111 786 -192 796 -810 140 -583 644 -19 -416 627 -698 -693 80 401 -764 -809 -746 433 445 107 899 924 -445 237 781 855 161 -608 -48 -646 -203 796 169 483 -53 -790 810 -655 727 190 262 789 277 -246 -28 -739 125 -441 362 755 865 158 -200 -782 -865 -864 975 808 -405 -328 -125 -635 898 -593 -500 562 579 809 932 895 309 476 600 -116 -713 -675 -818 790 -285 992 -109 584 -508 -390 688 
-60 -963 -972 604 392 -860 -8 427 432 -652 552 408 932 -837 208 -155 495 -989 678 363 -428 -640 205 588 878 598 662 -625 -179 620 -662 -968 -513 611 280 -358 571 495 933 663 -417 -817 -733 -935 562 -874 -914 671 336 -436 -880 -402 -14 299 -604 967 552 963 135 401 520 -942 647 849 118 302 873 21 39 657 956 407 492 -632 -896 358 -586 -606 54 -378 -401 413 521 686 -92 144 351 155 -406 -339 854 -119 -61 
126 279 391 809 473 135 173 -97 310 907 -549 -816 10 -485 522 -85 -379 519 464 736 618 -112 415 579 165 -319 385 448 215 113 860 836 -35 -965 -573 -93 948 190 -305 362 711 -587 928 256 194 319 418 -79 -478 149 12 -712 12 562 -936 -111 691 72 -10 -467 335 857 738 -307 -550 324 804 573 589 669 -687 403 295 -606 132 -516 812 -635 -703 -316 -378 -635 761 -73 -523 -350 650 664 762 172 278 477 750 
771 883 -33 148 6 183 -741 -43 -945 -637 557 96 -488 -808 678 -62 -498 -821 -724 809 635 -828 -208 -226 -750 -503 593 751 857 -744 658 930 -953 -454 -77 -973 -964 282 3 -899 576 223 -922 244 -98 749 -72 632 -196 347 -62 899 207 258 -87 685 -51 -171 289 -830 -606 -865 -53 178 -723 -504 270 867 -184 701 285 63 46 -2 -245 84 499 625 891 -353 614 323 -590 -382 988 -446 959 -17 -67 189 -526 -123 603 
173 744 308 319 403 -788 -23 -226 550 339 -887 -486 -36 -942 -168 -561 -965 470 860 41 380 63 913 301 404 68 -271 -506 -573 908 13 946 -35 -728 -192 -829 457 788 910 -697 805 -965 -147 -887 266 -296 -606 -486 350 935 133 957 938 -188 422 -900 690 491 -758 -736 -914 685 -97 -977 -314 824 -782 74 765 -847 313 551 55 850 -424 936 -449 -230 808 -26 -813 -975 105 -892 937 402 -186 495 211 -468 -704 -146 734 
-672 -895 -747 -25 -884 -257 573 77 -593 371 -669 148 430 -487 74 609 -245 30 751 -250 513 88 16 795 909 311 -804 323 -366 192 282 288 -921 -381 -471 370 572 -846 151 -163 238 805 846 342 -641 -104 -733 -643 -63 942 411 542 991 824 195 858 928 568 444 -97 720 439 -395 -348 -765 39 898 358 -921 -241 561 839 -335 -579 -389 -170 412 -189 -269 -584 -470 700 283 -878 908 -603 280 610 -15 752 -687 502 976 
-255 -462 -85 580 141 -131 -651 935 -959 770 -574 366 -742 -924 -404 79 308 517 -480 446 189 -893 -513 -4 957 -431 -828 710 422 401 236 159 -645 -305 281 148 -132 565 -748 -195 511 281 956 -987 865 423 287 573 -526 46 571 -663 -391 -257 -118 655 420 168 -991 1000 -505 560 -757 -297 561 529 424 288 -728 -833 210 -90 762 269 -235 -696 -301 734 -141 -91 -4 -531 -569 56 -41 -443 931 350 267 580 612 206 103 
-469 -995 573 -647 26 195 -736 -455 833 240 -817 627 185 245 -261 -342 195 823 497 770 -27 978 533 -853 -370 -48 881 -350 -251 -920 -365 -132 -131 655 908 -93 180 -802 275 764 -301 -11 979 706 526 -339 35 -138 944 679 837 939 -150 7 703 -714 -45 -287 382 -871 507 -262 -269 916 61 995 -898 295 84 -7 233 45 1000 -297 -853 243 -922 -270 452 -396 339 94 -482 178 -430 307 804 196 -496 765 -745 -580 -874 
-131 660 -274 -727 288 61 706 -620 -694 -305 972 -111 837 606 134 939 475 -614 831 737 826 -867 279 -811 -443 -147 654 284 -766 -951 -319 45 947 753 447 971 -956 -674 482 -645 -258 -835 -1 855 300 214 582 112 704 548 928 104 448 416 921 -551 -896 463 -755 843 509 181 -859 -407 -220 621 -468 -793 411 172 677 339 -641 295 547 437 848 890 733 -839 77 438 936 200 432 -869 -15 268 -568 941 958 -59 417 
180 803 -125 234 376 -626 295 318 496 870 -168 -957 646 921 625 -926 389 935 -170 -501 -392 490 481 625 599 909 -996 513 -470 595 -192 811 474 -595 -351 600 -161 -781 315 -796 -97 945 -811 -761 848 750 516 993 43 630 -911 246 7 -156 -27 -809 879 521 -565 432 245 -438 -116 -453 -129 865 220 -783 -736 -930 263 -528 859 929 -411 -786 -477 -821 629 356 329 265 275 -73 -145 -232 -798 -812 -485 -11 -86 864 -998 
-557 -357 -299 747 -787 -936 228 736 -249 -840 -529 -499 -304 -175 96 275 573 586 390 -41 -623 -218 -159 -576 -385 105 643 -773 207 -284 785 944 -838 -156 -729 -822 880 95 -792 2 -222 996 114 -852 -501 16 179 365 668 404 -851 -634 220 -575 -774 -364 303 253 166 -790 806 -698 -161 -470 427 -955 648 -610 142 -284 455 614 -702 147 800 344 -917 -692 314 -47 -939 724 409 -271 11 -768 -4 -759 -757 -781 -380 720 -288 
-651 -995 703 -435 -750 389 -927 824 149 396 -447 -398 -419 -891 841 891 -709 -776 721 -913 280 427 -321 552 -713 228 837 51 14 375 862 -137 11 62 -541 -656 -113 257 -570 -379 -452 -549 -278 -993 948 745 976 261 42 666 -547 -161 -365 580 -300 -73 384 -308 -412 -590 -158 -806 -378 -228 831 545 -289 442 824 196 -962 -769 912 176 -651 716 238 58 -351 -394 73 -702 667 192 824 -253 -583 -557 831 678 556 58 473 
237 -29 880 931 590 -2 -648 588 399 -386 -839 -443 -285 -335 -304 -415 -620 732 -656 432 644 -150 594 556 -435 -400 -770 -773 115 -498 554 -190 712 370 244 978 -565 -652 949 -368 -386 -10 396 731 398 -602 451 -446 445 -524 -280 386 889 -399 -404 -73 -429 -321 447 -275 307 -918 -540 710 -286 -239 238 339 -680 723 256 532 603 825 803 669 894 -502 -876 -19 652 -535 557 12 -897 997 323 -747 -128 405 214 -109 998 
932 -256 -146 981 -784 487 -578 544 -653 -713 674 -521 750 630 502 662 -183 -812 820 -947 -100 338 242 -504 -867 -619 -965 87 -968 128 875 826 397 206 308 -656 -705 -466 470 -441 112 660 330 927 -480 577 -220 23 -493 -693 -266 640 -336 -709 379 -360 -900 779 138 -573 711 862 -845 -406 31 731 -651 -669 -201 577 -46 678 -726 76 764 864 -834 697 -227 -439 236 -424 -600 -403 682 940 272 710 -306 -549 222 310 -491 
-871 -753 -940 164 994 -95 532 -567 532 -332 -979 290 367 -818 -464 501 -262 669 955 -462 -174 -210 -164 175 -895 -89 -462 -49 491 266 -797 -490 -678 559 910 998 -990 -327 996 -615 -293 531 984 -537 772 -247 -660 552 -575 927 680 209 -227 -797 415 -536 202 -994 961 0 -943 521 -564 316 788 130 -912 -982 511 601 155 -694 934 -13 644 -776 -692 959 721 -844 -475 981 623 -519 558 -838 -622 125 -497 895 -103 -790 -589 
529 702 -986 -936 -431 -588 -897 558 77 -808 345 -4 -118 -618 -8 -664 297 -548 948 141 9 317 -265 -677 -294 -875 -600 13 340 -532 901 -131 427 547 578 737 -806 321 761 968 530 999 191 -180 -69 2 -972 49 175 223 -157 -694 601 349 -494 745 -881 456 -623 19 784 -227 548 -201 102 -73 -716 545 -582 -337 -369 869 -331 977 602 889 -754 722 -360 937 -628 431 -736 -200 -909 -475 406 -512 -232 832 361 -257 439 
0 55 -180 -54 -449 910 891 -876 -901 -559 687 145 618 754 -739 -109 -937 -160 -18 -435 -6 -12 918 -685 -864 734 201 563 76 -989 -335 552 464 372 -612 251 394 768 44 -558 -96 -574 -277 -664 632 771 331 -618 -8 868 -294 -87 -962 -213 62 127 861 -493 677 167 927 391 -48 627 -530 553 376 -996 384 -942 -89 -337 489 -745 301 376 135 213 -114 915 311 598 781 -29 776 633 664 -3 -643 -435 -934 -644 -586 
-896 -983 -522 916 -983 -948 568 744 -637 676 516 -472 397 254 -170 -448 158 -610 673 810 768 -242 -447 695 -520 -185 -602 191 -554 204 13 877 -45 -625 29 -179 -740 -608 170 -29 -903 -922 581 122 -561 154 -155 706 364 -643 -940 505 -473 386 841 -181 473 641 -52 28 626 120 890 562 -372 -474 268 -543 793 -815 -128 -922 -170 -449 853 880 -27 -824 644 -99 755 476 445 171 -299 -248 20 -57 -10 -743 321 -334 181 
106 -522 275 -363 258 305 -171 379 595 -389 555 200 538 -744 811 -273 661 112 127 -590 -52 -715 -578 476 717 150 299 174 918 306 467 -828 -122 -478 -796 613 -224 -686 61 -239 199 -277 -604 -447 -744 -84 -273 -761 905 803 -848 848 -526 230 686 -791 -134 888 346 -873 -265 -934 622 -189 260 68 -380 855 365 10 754 434 409 993 -903 389 -738 557 443 -539 573 -107 800 -852 890 -924 -650 -640 518 790 -617 -446 494 
