110 105
-977 487 -393 416 849 -748 735 -112 -950 -65 684 -787 219 828 -231 -237 -687 466 -455 56 -417 -758 541 151 180 210 -127 677 145 113 565 -239 112 707 69 634 353 415 634 19 597 -247 230 577 249 996 617 -60 -236 -740 713 916 -158 63 -724 892 -113 -299 915 -577 543 202 493 -886 -563 199 891 22 3 150 435 797 841 56 682 -715 968 -305 -709 -780 887 224 103 -490 -895 67 573 377 7 -917 621 -141 -868 -862 847 501 -726 -623 188 -39 460 581 886 -156 -891 
725 -725 -235 -977 -373 -707 283 -597 544 -708 -880 -802 509 -626 -372 -908 -518 462 -213 -620 -145 729 -472 -859 484 594 993 913 16 103 -434 759 -459 -659 202 324 -458 -311 -506 -482 -981 38 -993 -482 -428 -524 510 243 71 -953 -618 902 180 749 -176 -666 650 837 629 -916 509 388 -861 -303 -526 -305 670 -918 -439 -717 -27 873 -502 879 -673 -397 -917 202 -553 -563 -814 228 818 -553 -787 -497 -341 151 360 609 525 -657 -324 -549 -540 195 -110 862 -103 -444 -205 -924 -330 880 873 
-678 749 -46 416 745 -474 592 -146 -105 -821 -501 -935 -234 -271 -632 -739 199 361 516 160 573 -28 647 -475 752 736 -923 740 609 -236 -785 -693 385 -554 577 -837 -87 41 -49 631 -640 403 7 -6 -534 -345 -317 756 411 768 601 20 -925 959 994 -637 152 -567 -512 -931 643 557 -157 969 156 -784 -660 -644 816 485 168 -603 -880 -712 -89 964 -2 888 194 241 66 778 -378 -456 -769 240 -123 550 -746 823 187 -749 173 -453 -474 354 -878 511 822 -749 102 534 938 304 -24 
596 -240 -966 -762 896 834 65 -99 662 157 -835 769 112 910 -329 579 341 576 987 -145 344 660 127 478 400 304 -837 994 217 320 658 232 81 20 460 302 -816 -284 553 -273 138 298 -657 -486 129 -181 -718 -935 613 596 621 615 781 -374 143 279 940 -767 -717 -112 -554 -133 671 864 912 -848 -935 445 828 -602 870 -564 -374 666 -217 703 -363 964 -387 -261 509 519 -44 -448 422 -180 -221 657 973 38 969 -640 -735 -925 -10 -278 -363 271 430 143 32 609 -238 123 -976 
766 90 -296 78 571 -398 421 -317 917 339 610 827 -762 -523 738 416 -989 -349 -962 879 425 -85 -441 -825 555 -712 -106 991 -768 958 -950 297 99 -856 -957 473 -267 270 -678 -748 150 -249 780 887 -175 180 -142 -42 -338 690 -279 421 -329 -797 913 988 -280 -596 -874 936 292 935 225 323 779 -987 576 507 -197 337 969 -788 -861 831 -61 -184 146 686 266 -787 413 630 -186 -772 -974 110 523 -256 -599 -17 -58 -95 -664 -183 591 -227 853 62 830 859 -800 214 -81 -144 459 
-327 -228 302 227 21 -535 -544 509 552 -859 434 900 -720 -31 -421 632 574 818 -720 -88 220 -459 -925 773 -117 429 582 585 710 701 410 -119 -717 633 316 585 -416 -811 -730 -51 -406 -920 772 565 47 428 -683 187 -539 930 -271 507 -416 538 34 -323 166 295 -113 663 91 885 801 -485 665 -459 442 -320 -459 -949 -725 344 -634 -86 685 -666 515 465 201 566 530 961 627 831 -651 -96 696 -693 -854 807 690 184 646 118 -4 550 -317 -686 -59 -235 -446 -642 -631 -416 -726 
-967 -495 -477 -443 86 -337 -856 756 -386 623 908 620 -548 -25 404 815 108 -363 -177 -628 -767 627 -653 323 146 91 -583 -438 280 -372 843 895 -107 34 -678 -98 -134 -66 860 -605 949 -489 643 301 -502 411 306 -952 -409 7 369 -614 649 11 -242 763 -89 808 -458 338 26 -70 553 -854 436 928 933 -211 601 399 921 -92 -856 -994 -110 -131 550 251 -245 -939 958 394 927 504 -406 -576 156 -833 537 -931 963 472 922 274 -558 -635 899 843 938 -753 438 -90 -630 935 509 
-199 23 -782 -632 466 114 318 -62 326 -883 -496 -920 159 930 544 -327 -9 245 -494 -398 449 330 -115 968 103 757 876 -812 -494 -230 -924 699 -467 978 -908 -234 641 411 332 142 486 97 984 -980 -79 -891 -663 -605 466 -258 683 -641 -742 -7 406 89 -545 346 -794 208 424 -843 418 -866 107 960 -281 -50 -114 192 -128 305 -408 -153 436 367 100 -169 -251 -560 -819 -65 718 917 918 -647 -520 -447 -72 32 -583 701 197 -73 419 -867 11 -223 -190 508 911 -222 -508 135 -238 
167 517 892 -712 333 -285 -1000 805 153 305 -210 -400 269 -960 -988 -897 118 -589 977 248 -675 -906 -294 571 -861 -878 805 -438 495 145 -570 699 -807 -595 286 -69 -976 161 112 -806 624 314 590 -155 19 573 -790 -929 904 12 252 156 -744 -489 -452 270 926 413 367 603 887 63 -899 378 273 437 -579 474 -494 851 -251 -281 -949 213 -438 322 32 123 -420 -284 309 493 -821 -237 -310 -780 -17 -312 468 908 282 920 731 882 594 -410 968 -611 -363 209 -434 -791 -850 -526 1000 
-635 517 -802 -701 921 700 -693 -27 -217 -87 90 -228 738 889 -931 -911 382 -997 997 -702 634 -741 798 -270 862 402 348 162 -442 -532 739 390 -350 -482 643 -786 197 329 -532 -404 275 385 831 -660 -152 290 172 -461 -843 -34 -395 803 -818 -532 979 -571 -297 -107 -928 77 105 -962 -905 -497 -821 -440 -259 417 941 -482 265 735 -374 -940 -889 -297 -165 499 765 326 -373 910 -901 -783 682 616 279 65 -818 202 263 257 -280 -521 184 -754 -922 -197 -946 856 -449 257 772 -938 -402 
-628 43 994 184 476 517 -944 332 -850 518 -928 288 126 457 -245 -866 884 -733 -907 -130 520 -672 -671 318 -456 776 351 54 -849 352 857 961 810 265 121 587 -281 810 -29 -63 -634 -177 34 968 524 -151 885 357 916 -662 -504 -20 978 -736 -429 282 -817 60 -463 -28 -985 -242 33 465 918 608 119 -750 -1 945 361 -54 439 954 585 923 748 76 -493 -239 887 -785 931 -624 -353 -339 285 -73 563 699 -652 -261 362 -977 907 38 -964 676 -265 -498 63 380 914 844 134 
889 834 122 -820 -821 -981 -14 915 86 -883 -962 465 95 -486 744 991 585 -168 441 393 135 72 -127 211 -218 644 433 -853 -320 -428 -527 908 428 140 281 209 715 838 353 939 981 370 -251 827 -618 222 95 -317 920 -990 807 200 -87 -845 -921 -539 88 -987 988 -350 -224 -522 -495 -852 -926 514 68 -899 91 -402 -669 253 -344 -607 -639 -44 743 48 -957 758 532 -459 810 -358 163 216 339 975 728 -859 -842 -572 -551 61 -635 99 -653 -448 -538 -897 308 724 607 -353 218 
202 -475 -339 206 333 446 -31 -408 595 -219 -663 276 -628 -186 -81 -651 517 -818 131 -387 -301 -599 -630 -451 801 -150 920 -684 530 599 -912 -344 -816 316 -595 -998 980 -469 477 250 706 265 571 -745 -167 365 -554 825 1 -477 -827 347 549 747 591 -925 -711 -843 717 -79 54 -981 396 228 -565 -181 813 979 516 -882 -436 -553 5 -877 -866 -223 -910 229 -130 841 733 -382 61 -783 468 -176 997 183 -702 -728 699 -886 508 -418 -839 444 615 -227 654 816 -359 -86 93 -532 181 
-989 286 -596 -63 354 -942 782 724 -495 622 125 -817 856 669 -385 -78 455 45 494 166 680 487 -370 563 -961 -306 614 174 815 -201 560 389 -708 849 -918 -690 211 219 728 -702 245 -230 -207 -600 924 654 -17 560 -212 148 -695 321 -155 -973 219 169 251 150 863 -989 -860 -375 558 -493 708 -607 415 -184 -979 -934 -771 -304 -947 -241 267 -252 997 336 -866 973 584 645 817 -618 854 -414 -568 29 -757 -222 -546 665 721 -958 -674 -997 -584 -743 -846 -722 282 -883 -888 505 -164 
-955 -409 128 200 -329 323 557 161 -635 878 -796 383 -449 -450 -439 637 565 -191 -902 552 749 666 578 133 -235 939 288 66 201 162 -416 -115 -125 456 981 189 -483 820 417 -203 653 -996 -81 -582 896 -717 875 -721 -822 611 233 -532 -770 -53 -717 420 426 201 227 -66 602 784 312 -686 330 -772 390 -543 -658 397 687 653 441 406 938 -479 -656 986 520 244 88 34 -564 -807 -248 431 515 718 135 -45 792 -676 92 -358 -758 211 507 864 -915 480 -518 -159 131 -139 450 
-641 588 104 800 739 475 -198 585 -312 371 792 -156 -978 -457 -238 983 -270 -12 574 -569 637 -317 851 363 -232 203 -274 616 -54 977 -633 -693 -680 797 -738 -233 577 -781 -964 -159 -153 114 -501 412 -760 892 409 821 -989 -780 324 -674 -95 938 966 87 170 995 760 -93 576 31 -946 255 297 805 -556 -31 169 60 117 22 -33 68 -980 -750 -350 653 -527 -512 308 520 224 -341 -537 126 -621 -339 -827 -892 75 305 591 445 298 -365 835 494 351 236 215 269 217 642 -205 
631 -799 -157 -870 319 292 -920 465 255 710 -238 -807 -715 -841 -200 -806 -296 815 -532 -858 959 -496 -264 633 982 872 -723 437 -72 886 576 -352 -675 775 -122 956 793 66 -89 -260 236 -606 92 -963 -542 -359 -460 -473 926 -803 -738 -533 -365 -286 694 220 -814 -93 330 -799 -865 153 176 953 -161 886 310 406 649 -570 761 483 339 -189 776 161 -722 -962 926 755 526 -955 744 -333 -438 -620 -40 868 -808 -820 277 -251 841 -697 833 403 929 457 25 -721 -387 61 221 -266 264 
778 -357 538 337 -869 -724 786 -994 -376 250 52 -933 -585 383 934 942 410 -865 35 610 710 328 -295 615 58 163 -387 -935 138 124 163 -791 -700 927 1 685 -536 435 -970 272 -715 -744 -310 65 108 -229 229 530 412 439 -604 -38 -83 -609 -802 -218 -829 474 391 -378 -938 -225 941 -606 -763 487 16 -933 -20 509 -288 970 -835 500 725 587 -726 -267 -88 -966 454 -255 689 432 -175 313 -764 368 -781 783 671 -41 91 -762 -800 -232 977 28 219 -922 991 -325 482 383 -376 
659 644 -706 793 834 -446 580 901 -919 -289 -298 -249 485 -489 -273 899 -598 821 -423 251 -667 300 109 -159 838 680 -661 -900 759 123 914 -355 -100 648 784 -881 -322 -130 790 793 669 -455 -105 678 -808 -522 -474 620 -294 365 -450 61 223 -279 970 -496 299 -903 -55 -264 -861 274 -542 -70 -999 -495 715 862 -538 -541 862 -619 46 -891 23 688 -223 527 -609 -297 -210 681 141 709 716 -19 862 -693 -397 122 -322 -969 -620 -145 358 -293 400 -456 -798 -737 -343 -926 261 -955 354 
-166 -886 4 -909 -252 833 -509 -462 522 -863 -986 -700 -651 688 218 357 -490 720 292 -565 -513 -900 155 -87 645 -80 120 14 72 -557 -284 19 983 905 -822 116 869 -507 -431 44 912 590 -981 653 487 -609 271 855 649 -906 -800 553 743 418 844 -638 308 -523 781 569 514 903 -844 44 513 361 927 -370 2 -378 -603 -995 974 -955 848 68 959 711 720 -513 -925 17 -754 232 826 -200 353 445 -435 -109 -603 -499 144 816 847 209 -409 -413 819 157 878 634 -146 -448 -94 
-973 300 -832 -721 735 710 -453 -16 629 215 766 654 293 411 -385 -115 -555 293 -615 271 112 -23 557 900 -622 -907 319 873 216 -195 -486 -561 161 -325 -948 -942 407 906 -643 88 530 2 -589 679 248 -300 584 468 875 266 -698 173 261 -834 184 6 546 852 172 -993 485 -461 -323 700 816 -641 -367 -701 -599 213 -67 -976 969 732 -914 874 -1 -574 307 -783 131 629 184 925 611 -669 -462 747 214 882 492 912 -317 -482 662 944 847 -645 -964 -192 -43 636 684 734 -800 
-727 -369 -925 750 690 -481 -93 -400 837 -653 802 -770 562 -367 882 -375 270 -502 882 -26 525 -524 -313 639 445 -534 316 366 621 201 -80 701 -833 -339 72 -1000 -17 869 -971 -824 -303 -18 -383 -55 -784 622 -41 881 973 131 -774 223 -815 224 -358 288 -498 -539 545 -990 -489 599 580 -517 -67 43 -822 -647 -628 -684 -342 -639 982 595 -795 -936 -766 -883 -842 -233 -725 206 -494 -49 -798 -142 941 468 365 -837 916 297 -172 -366 484 740 -181 111 829 626 -74 135 -449 -760 302 
190 163 508 -805 -70 263 439 -920 -967 631 187 816 314 -298 430 631 243 587 286 542 723 614 13 577 -732 800 516 -503 -594 155 862 -575 845 552 58 -403 545 -751 255 -397 -690 811 124 -39 -666 -317 -808 -124 817 -707 210 904 325 -948 75 510 441 39 -292 492 739 407 289 -905 -825 -792 -197 -743 -890 145 477 819 336 -865 -750 -426 -411 445 646 -77 731 823 320 -894 433 -318 263 -583 436 -946 595 -937 734 18 -427 -146 -128 657 -129 -199 -162 780 -236 380 -70 
444 87 39 489 -81 -754 -423 -110 -169 -509 -426 948 -609 611 -116 979 851 -32 -496 -782 177 740 -75 443 -665 -641 -482 -984 -682 628 -452 370 810 692 828 720 522 232 92 133 830 -263 -979 543 -432 845 -243 -257 -76 763 -69 -324 399 478 970 -168 -251 -529 -45 -674 503 6 -166 -94 429 -514 644 -210 434 -499 884 -632 -813 -190 -436 -368 782 -788 -91 916 795 214 -757 -95 260 601 -398 96 -466 588 -618 -135 -428 -451 -323 29 -595 566 -289 565 197 482 760 -584 -120 
-875 -342 671 -795 -100 760 544 -600 -317 -598 879 277 -23 -623 -893 814 -245 177 665 -798 -781 -714 71 -436 -224 -814 493 -773 -784 364 801 -851 -838 -650 -751 -731 -291 479 741 791 177 -718 158 -849 305 -483 530 40 334 449 266 60 293 -654 669 -931 -7 958 857 953 76 626 -119 424 -303 -753 982 -954 273 -962 -92 66 -123 28 398 295 -997 551 8 -868 -693 371 -452 -735 550 152 209 -787 208 -136 -794 842 -780 -415 952 27 358 -916 323 -580 818 -335 551 429 181 
893 124 791 359 957 -722 603 696 192 244 176 -466 -105 -534 601 -395 -353 647 -968 -479 32 94 420 219 236 -532 130 -369 -6 -565 -215 857 -211 -242 -567 124 -92 -110 -249 832 411 485 58 840 179 526 -637 533 -683 -984 -72 -536 -160 110 540 294 -350 532 -514 313 39 -118 136 -161 95 724 592 -670 499 -978 677 -915 526 955 239 -575 -357 -535 -931 -386 -347 363 378 -499 -882 197 -820 143 -265 698 -422 -286 138 392 586 495 -113 -218 348 459 632 641 -394 135 998 
-34 471 662 509 447 782 874 -981 -439 124 -788 -54 954 -443 -118 -508 -752 457 -549 -37 119 131 -219 466 -957 678 -397 -971 -303 -74 253 501 -932 -23 -230 -320 827 -260 -602 390 -403 -314 -186 -464 394 784 -114 -80 841 377 229 -857 -79 -556 -130 -193 -558 165 -201 -459 -393 -329 -8 -19 -55 979 -189 387 779 -681 -947 759 20 -859 994 777 772 -336 434 440 -39 918 -206 -150 -757 -560 716 -167 -551 70 549 -512 734 402 416 79 -748 874 -774 -544 213 -782 -19 754 -354 
174 700 260 631 677 818 730 -565 310 856 -424 -521 -708 985 277 235 586 -722 -983 749 -97 -546 443 596 298 -399 -532 -490 -114 -768 536 -253 -411 627 473 -890 874 49 -775 -742 -195 -494 -999 989 26 471 -900 886 405 -519 528 960 -345 -597 -728 764 -529 528 -205 662 -164 639 -755 108 -870 484 -204 52 626 -488 -49 293 331 460 -290 793 -986 806 -107 833 -623 -982 -540 -333 697 -367 431 -673 353 355 -389 973 690 985 17 -571 34 -625 225 -848 -70 478 309 789 70 
45 532 -905 325 -35 -741 709 26 484 38 66 460 -354 0 -285 -858 -972 595 -936 -587 -19 -410 643 641 -196 -678 224 -597 -327 979 -449 -527 489 125 275 406 -302 -225 46 516 -138 851 905 69 720 -617 -385 646 475 -266 -365 385 -899 768 -325 682 767 -17 294 -221 289 434 -761 -792 218 -111 -792 -730 -335 -262 207 699 552 780 -608 686 822 -58 41 407 -734 -833 403 -993 -774 -133 -829 -278 12 -94 -670 961 -907 -881 717 949 -289 351 142 -275 -633 -651 -235 243 557 
759 637 581 948 721 -643 -27 684 -365 -896 -417 967 952 438 -879 -356 856 879 546 -432 527 523 -129 -974 -534 -146 -599 254 -616 -782 383 235 -985 -392 -1 -168 -3 948 -826 95 222 -793 267 385 118 876 -743 -34 -174 838 658 848 341 -831 932 73 -549 -607 758 979 -29 628 -877 -677 -368 -598 231 -993 -314 -633 803 823 -515 -654 -227 -919 865 737 608 -753 226 -235 20 -572 354 -56 204 -295 -611 414 -945 -243 69 -838 -276 -394 468 5 268 -588 -834 488 554 40 -256 
-980 796 526 156 892 -706 550 202 881 -30 -610 841 -517 865 -754 71 -475 669 -586 -876 -799 159 541 255 -202 671 -546 -434 571 317 -966 637 356 900 -785 -451 -339 -467 -672 -881 122 144 632 562 -424 492 -912 -65 -88 -501 584 -229 -864 -591 809 46 565 535 -338 402 687 733 -413 -793 -518 -834 472 450 179 13 559 952 679 341 -518 89 -845 326 -660 -411 791 -87 156 -636 -184 770 181 -702 -515 161 -14 -92 410 906 -13 -64 183 -816 -336 -323 -330 -759 -259 234 -102 
-737 253 -411 912 -93 -684 150 104 -46 -863 23 215 -481 -610 -597 903 -443 796 -84 911 -586 -66 -330 -389 942 -541 498 600 -131 -482 -431 -536 -620 311 796 -128 -921 72 603 834 -769 -93 332 722 668 838 -664 -74 -127 -579 -356 -513 -312 -678 -430 508 210 -552 183 -31 67 123 -183 76 998 -710 558 -187 279 148 276 -399 294 580 429 323 -70 348 -144 -86 244 146 683 453 103 901 713 -172 225 902 128 -81 -697 -907 -196 -245 -51 752 -919 614 927 970 216 -589 291 
-726 -715 873 55 -541 668 -468 -836 -820 711 570 837 -106 -699 -945 -220 143 943 994 -608 479 802 -128 208 -946 510 -691 -656 897 647 -340 -921 -496 -613 374 500 -467 -998 -413 -381 476 447 433 -315 -620 -915 167 796 -828 284 -545 -118 -660 524 254 589 820 -138 -782 -873 185 -942 256 -72 840 515 -210 724 741 93 -766 140 374 605 -818 -186 -655 78 -564 651 -816 516 -76 111 -563 -822 227 952 982 -841 614 851 -510 644 615 469 563 788 616 662 -806 -133 -866 -77 -376 
-309 479 647 221 262 -257 -143 -201 283 -436 -335 368 -692 -17 97 -896 62 250 -524 192 899 447 501 -255 -660 538 238 -82 413 539 168 -957 -150 114 -28 16 -206 553 236 -915 379 396 742 -994 -616 -900 656 364 579 26 -442 680 -504 -947 -540 -911 308 738 222 -701 205 339 -188 -914 -614 -470 -17 -915 874 -644 -136 -100 -848 912 -278 218 -860 823 -340 141 118 -457 -234 -78 706 695 474 534 -50 -139 -386 840 -541 -6 202 563 184 182 604 156 -1 -337 204 -195 -979 
-25 263 -660 -345 -913 236 -636 778 931 -859 -387 -430 -669 60 -469 755 628 380 964 -967 339 420 503 491 -430 -191 761 -445 -84 953 177 171 622 -252 -327 517 -252 887 847 342 -690 -422 333 -946 865 419 26 795 -660 919 -171 705 -209 402 -159 -162 -344 793 -481 -388 -337 372 -229 -437 -431 -197 -147 -247 576 -695 276 437 368 628 -311 488 954 226 -245 -791 -571 798 472 -37 839 114 686 -515 -867 -992 -514 920 967 -452 -551 -780 79 354 682 -266 -133 536 663 572 -594 
606 785 764 801 43 -859 -639 68 413 -805 -765 -286 -315 949 -961 -222 -336 748 -384 312 -630 754 991 830 -601 369 -641 917 960 -792 -577 407 -612 857 65 408 524 601 846 -999 69 -284 123 -198 270 -214 917 -3 -474 930 948 -877 -426 764 384 -627 495 -195 -404 911 590 -782 -110 -365 526 687 600 -594 527 207 -4 -481 325 -294 971 -594 -226 -9 253 976 -132 267 655 -83 -816 -460 600 -19 -905 696 -230 -860 -798 732 -152 -417 460 158 -26 -198 695 78 -903 -398 571 
514 -317 -592 861 708 -132 734 276 292 -208 -241 -147 543 756 -603 209 -25 181 -580 186 776 122 -657 407 -676 41 958 858 -644 149 270 -405 108 -562 558 983 979 709 832 625 -587 864 363 850 -229 676 348 779 456 830 -554 -394 -708 -967 -400 90 279 -869 -751 863 -187 406 -9 -69 276 237 398 -892 17 85 -393 400 738 158 183 -357 -884 -272 567 -633 825 272 -193 -135 158 65 324 -598 729 -344 459 -648 -487 -701 740 238 595 -247 -394 -710 -597 603 -315 366 80 
362 -919 -322 -746 -905 -767 368 -921 180 -842 -968 -796 -545 -465 -922 485 -614 -826 801 142 545 682 -995 305 -352 -188 -7 785 -654 -190 555 425 -344 -270 -547 799 -658 -398 -353 501 -312 102 -812 260 -173 242 -101 317 -288 848 329 -793 -914 538 -125 476 574 596 -297 -225 13 41 830 -975 -306 537 -880 -896 -991 -465 434 139 -367 -793 557 -77 -251 671 -980 544 -786 -480 37 199 605 -360 251 -493 -586 558 -348 -701 35 -604 369 -172 556 466 -936 -459 7 905 903 323 -794 
258 374 -454 808 59 -343 952 -661 -704 -928 997 -372 -967 -592 379 -450 -5 -552 187 941 -569 -932 650 284 -697 201 -567 397 549 -272 500 -972 -344 411 -825 -699 -532 213 -655 -877 994 -280 408 -800 -717 851 -138 97 574 527 -332 -738 229 -29 763 -988 -890 999 676 710 161 990 -974 97 -203 87 153 708 638 -597 49 260 679 -784 -884 857 -788 -324 -270 791 -870 -421 -318 296 769 281 339 950 -598 -107 669 308 540 776 -251 498 825 -187 890 -14 -333 -972 940 -178 -392 
-3 -643 228 -518 -96 463 -554 -318 413 895 382 373 -806 -147 -341 499 456 28 494 -65 205 260 -651 332 253 814 -966 -898 688 -634 179 -808 -290 -944 -456 -875 960 63 357 -677 278 -917 114 -248 -152 -202 95 -593 -219 -680 -100 47 -296 -82 -983 -444 -1 -960 271 -206 866 841 795 -135 453 -252 479 -702 -218 -27 485 344 -873 134 -560 972 137 582 -766 -698 718 634 -268 -750 121 349 959 565 -807 830 -566 873 -646 -603 -77 -489 -847 -550 975 402 -888 -197 372 356 207 
-278 -850 -989 759 601 -931 776 -527 -893 139 169 -386 -75 -740 583 369 597 187 878 358 -120 -788 -136 585 404 -775 601 -615 -976 444 84 -934 -85 343 696 -277 -88 736 -986 -39 -265 974 165 809 345 -691 700 453 679 -357 561 -501 202 605 486 371 32 101 241 816 732 -355 -24 747 -986 -618 87 88 847 818 960 -6 -605 159 -549 68 117 271 49 -334 626 -965 -192 -523 486 -479 -711 -797 -567 280 -476 -932 336 -600 -541 482 599 -64 -501 329 -503 -385 -569 -996 44 
360 5 -940 915 -221 211 -15 -455 -864 -872 -460 -97 -682 300 -817 -51 332 -835 11 -287 -300 784 -127 -377 959 -465 -572 949 248 979 -325 -549 -871 -233 892 10 194 332 293 855 51 -907 -844 338 19 151 499 -728 661 -739 -330 -256 -10 -147 718 272 828 -338 982 614 -970 -356 -694 -269 -359 -828 -50 21 0 133 518 -124 -991 -761 -259 497 -567 -565 541 -54 -876 -737 -866 118 442 -955 738 -916 -475 -45 -112 344 -291 -40 150 141 336 -772 -123 -806 109 318 621 776 -966 
746 776 521 -96 55 -353 -397 -642 -565 -653 -794 -312 -400 36 654 -600 -844 194 -665 254 -250 -789 96 585 317 43 -404 300 -245 504 -72 -499 -761 -271 -263 76 -431 -51 558 -703 126 294 -367 758 968 -161 100 -592 401 -595 -361 -161 -559 -897 -802 -360 83 924 695 838 -648 689 733 600 -869 -879 -900 -423 -733 483 -581 -685 478 -464 430 210 -931 664 292 -777 6 905 324 -415 -218 17 917 247 -417 -564 52 -232 535 -238 616 948 80 844 -692 -730 104 -315 -119 598 -858 
74 875 -764 -296 -340 492 820 -272 -714 -190 -727 962 151 -799 132 -841 -328 -61 138 715 -309 -946 975 176 -58 472 703 -315 319 629 603 -455 -143 -827 -744 -18 854 236 828 786 140 -934 -266 366 -176 -821 -58 -550 -385 -601 226 201 -921 -922 -921 566 914 -681 -300 -884 -582 -164 -382 -261 -148 626 -984 951 -975 -214 -808 -144 729 -483 321 113 -6 -720 -596 -443 -447 687 466 233 492 -260 -770 -526 -965 626 367 303 473 844 -370 -748 882 -776 -237 -123 335 -229 -592 387 -288 
54 -870 750 338 -801 604 -836 -148 -348 -94 -826 81 312 575 -589 560 380 695 -305 -433 75 -273 -708 -848 229 -101 -857 -835 -598 -556 -543 767 969 902 142 725 815 568 -718 -979 -107 -163 850 -923 137 451 -984 751 -496 668 734 -847 -399 -376 -93 -755 -286 -237 248 -242 520 680 528 307 612 -138 -86 589 -236 856 934 447 261 -42 467 329 9 792 672 926 621 -899 -137 286 -645 230 517 -317 670 -154 998 316 -626 211 195 507 0 89 361 -859 -981 -862 277 256 525 
-984 -385 -831 -394 -220 786 -678 536 882 -496 -770 -892 -960 -6 667 484 152 -57 -315 18 732 466 604 -424 206 -596 462 -241 722 -691 836 -286 -14 196 -11 689 432 -436 -343 660 -241 438 232 -885 -733 -583 -800 559 -948 678 887 330 -183 -447 908 363 764 -625 -41 641 -146 221 -917 -272 -743 519 -422 421 136 869 -131 -538 934 993 423 289 -550 284 863 332 -673 -946 -689 76 -65 532 312 -10 195 266 38 -609 -29 930 -183 312 -119 -826 122 -598 680 -2 -670 -116 -903 
222 111 57 -212 -250 -863 -471 223 -575 988 507 -876 765 -715 657 7 484 378 862 624 -462 -762 -601 -542 233 -628 -607 -485 -306 -958 -769 -173 169 -414 152 -468 851 -930 756 734 561 3 -73 27 469 278 930 -122 -594 827 -899 -96 348 619 -549 -912 -368 439 -685 221 167 -927 293 40 736 5 634 -888 771 -753 -235 357 -364 -24 736 -996 325 -264 -727 943 -290 11 913 -670 374 -716 553 -154 262 850 -832 -275 859 642 870 -522 254 -45 556 716 573 919 299 307 246 
-544 675 249 906 871 372 -99 408 432 941 901 -380 890 -723 -608 499 -606 840 -228 -541 999 -594 -561 794 137 -101 -690 -629 675 -326 -98 -71 370 843 368 -865 -994 -387 730 575 360 -253 -270 -779 716 -345 -592 -968 -796 352 892 -151 753 -951 -156 453 30 643 -694 376 242 959 -903 465 496 -883 -193 260 -647 -543 -146 -681 -123 280 492 953 220 997 -988 -596 229 872 -691 -835 200 -293 -260 -247 -581 -49 -101 -130 941 930 -331 -860 -349 634 -18 -312 -966 -598 -271 -661 -143 
-593 -323 -231 -453 -85 668 526 -619 -412 690 238 26 -825 -863 -855 -658 -899 420 -855 -825 -894 417 662 999 -619 528 921 709 854 -719 -875 23 -620 -751 -622 -597 816 -630 -284 -416 -91 238 -67 -325 -725 316 -950 -875 -859 899 -160 878 830 -328 670 -593 924 396 -654 -146 -85 -250 -897 -83 -611 520 394 -982 -510 149 -856 906 398 855 -529 381 -479 -516 -282 -127 -959 257 -848 595 -902 -520 -71 -164 418 251 998 -16 -893 568 -35 -174 -466 -755 773 713 249 -608 -524 519 944 
762 557 294 -662 285 -784 -626 -821 -145 -88 -976 -27 687 229 204 -724 364 473 566 -580 -388 646 462 515 196 -830 -282 742 181 -832 258 955 -109 -431 -141 -880 -45 799 -605 -730 932 -20 -113 -976 -599 139 976 -405 -81 -149 -523 492 -921 -86 -641 -217 -362 364 98 84 -452 147 -441 926 -487 69 -374 -930 100 369 80 -278 -54 181 -427 -711 -184 -453 662 946 -686 741 658 -291 -35 151 862 -276 945 -414 85 -63 -107 828 855 -517 -594 701 -952 96 696 -317 -737 -904 -515 
-353 -191 -436 92 823 -675 -488 632 988 871 579 361 -792 693 -899 -11 891 -631 166 -976 -730 -845 725 -312 98 -720 905 251 499 -697 -860 -870 -384 857 64 -796 348 -234 -390 352 285 919 440 124 -240 475 391 515 232 -721 -162 -517 -496 -619 -49 -154 607 -38 -679 468 -2 74 392 163 -269 964 119 -893 808 638 -638 -744 -650 -478 369 790 -408 -471 -778 -147 342 774 -723 530 -751 -89 -420 -179 618 -758 778 802 840 846 -497 -405 -279 29 -410 -694 508 -806 595 67 262 
377 -970 -746 6 272 448 896 -238 -862 462 -670 243 -462 86 545 -551 429 -781 289 442 12 739 262 175 465 894 -791 212 487 305 539 -634 598 739 831 -285 108 -285 -169 -262 517 907 713 125 -903 -677 -385 694 344 814 29 805 107 590 -141 417 217 -890 599 533 106 104 627 -921 -254 -359 -259 -843 623 72 -179 911 -332 -833 639 442 -971 -233 -436 -991 -222 964 -62 -581 -312 -806 869 -942 -199 -663 -324 -191 -511 -91 888 -262 564 -116 273 403 -662 783 357 37 370 
-202 512 -460 702 592 368 953 42 396 561 -877 108 -431 -998 -576 -117 -659 -988 198 -959 -876 50 -778 -870 -510 -223 893 -743 -145 645 -627 -132 90 -64 -416 -341 111 -828 -698 -615 867 775 618 519 795 311 839 -317 367 -624 -198 167 -211 268 777 -946 -905 -370 878 -510 -352 -217 304 77 -93 -824 794 385 -714 -272 220 -793 785 457 -424 866 193 -456 974 -536 699 -479 209 331 826 -327 272 766 569 -1 -799 -221 -869 -105 -197 136 -259 32 684 -17 377 765 77 129 -379 
-45 -286 -590 538 48 955 -529 27 571 -926 542 242 399 -972 408 -753 759 508 643 186 -9 233 -678 94 -755 -603 -606 -906 -178 -351 -846 -206 -18 928 478 658 -434 -998 434 -521 63 850 910 -547 -280 719 -512 935 573 -311 -868 967 473 190 410 -52 643 278 704 739 386 306 -517 459 -992 849 -992 -832 -655 -124 972 -309 -41 241 -190 193 48 974 28 993 -80 320 -208 259 -251 955 -59 227 625 469 -204 -660 -874 -73 172 22 211 376 -269 958 335 -520 512 727 414 
119 411 -368 -710 735 982 33 -418 504 329 -200 -825 115 751 253 -480 891 -272 334 -97 -968 638 948 -500 292 -762 190 -38 -683 -490 80 503 925 162 942 -740 -668 904 -490 -936 -249 -459 -117 -85 695 782 87 50 682 -714 975 -74 45 -119 -711 406 -701 271 -954 13 -197 901 -207 -359 -158 -41 561 287 -50 -259 -329 304 955 541 648 860 166 -810 -116 -670 -966 621 923 -275 580 -868 -797 243 -699 -28 240 192 -472 -530 877 -593 853 -560 822 591 188 652 -500 -32 -50 
-123 -620 723 -890 -944 -870 859 -148 679 322 -722 174 -50 -936 -265 -293 -75 -182 574 356 -83 268 878 -764 -604 -263 -525 -741 -277 276 32 486 -865 -264 495 460 584 -882 -336 -801 -365 638 718 -936 -122 417 487 174 -770 -736 -441 -802 -409 611 -549 962 801 239 -654 471 976 804 -306 -955 -889 -195 776 -667 392 -529 405 414 -976 215 129 -983 -170 481 63 380 391 810 92 -115 863 -611 -260 -866 -223 -73 374 466 -965 -838 -329 -526 717 -705 419 135 711 -768 -826 -984 -96 
-432 686 34 976 -778 272 -335 -274 -286 -258 544 26 705 -852 870 168 -756 680 870 -343 -133 144 315 328 382 -257 -631 -407 -486 -619 -773 106 -623 -211 175 164 374 223 390 -90 188 -72 -149 475 -152 -75 -977 -486 551 -871 199 -66 -278 25 80 77 794 -907 -929 900 958 937 -67 -371 37 78 -872 338 247 -986 384 389 -394 741 366 622 -54 694 212 -501 -988 304 889 -559 339 964 889 -334 -937 -143 -440 -547 405 -930 -693 600 -289 380 -671 767 118 -265 -1000 735 -30 
-641 436 491 678 -626 699 674 618 831 406 -889 37 -910 -191 351 648 760 348 532 991 -980 -924 -650 -761 64 -183 -637 -717 -511 931 763 281 -416 -457 651 614 216 104 80 -439 -105 487 -423 -379 -189 428 -697 258 -272 -684 873 995 782 -256 -852 299 -251 620 -232 827 -367 471 377 -659 -831 591 711 -749 -260 -988 -863 -587 217 723 -779 -190 -517 -591 -783 705 452 -65 -869 725 127 893 242 70 633 969 -355 69 -20 -17 -951 -15 -543 -934 341 -356 350 365 953 -271 -359 
-341 -955 -783 -435 200 -778 309 500 -803 885 -120 53 379 112 -689 -412 5 992 359 573 420 -622 226 557 -81 961 465 -392 -209 -746 677 -586 -64 -606 227 -140 -942 598 510 901 228 751 -589 536 826 -692 -288 -577 -334 508 -257 -733 517 -256 617 -616 -751 87 -357 -901 -436 460 243 256 698 -647 -219 -462 548 -58 261 -354 -76 25 716 475 562 369 -194 551 218 -652 -59 -926 802 215 512 616 952 30 653 28 -474 -296 31 -494 804 -463 934 -763 -112 633 778 -921 -799 
13 -440 -613 -324 -266 213 -252 939 692 520 -300 496 785 -954 436 666 -997 898 745 -623 -64 -817 161 -204 268 301 -394 991 -142 -761 344 372 -941 -450 -561 -784 -259 69 223 295 -530 -492 -140 -860 -3 -32 378 678 -564 827 -773 834 -805 -145 -683 -465 -319 -343 -952 -234 -425 -867 -440 -320 -511 -53 -928 54 -468 -877 86 -166 789 -164 422 -282 -607 91 -865 -961 -667 -666 530 251 704 -329 258 -332 -685 -29 125 -880 -265 -137 -190 17 -23 658 192 339 205 -427 321 -733 -977 
-502 993 -654 639 394 610 9 -215 762 -965 503 -304 -185 780 -372 -966 -696 179 372 -154 -8 -542 319 -423 -186 -138 199 -688 38 188 -732 457 -383 -640 -345 102 -428 -532 -308 734 929 148 -161 -30 -833 934 -266 474 -461 649 -789 440 -188 917 -141 -42 -609 866 347 -220 -315 755 473 -602 844 -412 275 278 -101 542 696 -767 -823 -323 -756 103 317 -64 251 -980 -477 483 180 -154 653 -515 465 -529 743 699 738 -298 -837 511 383 202 -662 133 -137 600 -552 573 -158 -133 59 
-58 -213 890 765 150 894 847 867 -712 736 -69 -228 -463 -994 -297 -587 172 589 -346 438 -840 -792 669 -475 581 788 -330 740 -881 96 56 16 582 -14 132 287 -587 -182 -820 917 844 -492 931 841 102 381 750 506 474 505 412 509 -183 634 -753 544 299 -997 -761 501 853 365 259 846 387 900 -377 -288 -448 -522 -873 -67 496 58 985 -571 -674 447 69 -589 -339 -535 -107 -234 956 -53 -778 -61 659 -770 103 -668 -843 -197 -765 -853 211 -496 131 550 580 -218 6 -691 -210 
323 867 -48 283 718 -616 -135 574 874 609 -352 433 618 847 94 25 -330 -46 534 -820 -980 -560 795 -399 -499 -263 -992 384 -549 40 -42 120 -54 -686 -182 588 -742 -986 677 -394 -580 -705 -716 -579 651 -758 -987 208 89 -705 197 41 -825 -950 568 285 522 798 115 -752 -555 -831 -222 -542 -837 -424 -614 609 123 -496 -965 386 -539 424 610 -583 -807 -757 -694 509 -548 -677 465 244 226 813 948 665 -918 -246 -240 344 -529 182 -110 18 -399 474 391 -839 628 96 637 952 689 
626 -498 636 568 -198 -474 93 -452 -409 629 530 962 765 704 35 575 -519 -902 -214 282 -531 -967 111 557 -572 570 455 323 964 519 612 103 964 281 456 -506 862 859 -549 342 993 686 882 -480 241 -978 -432 -761 696 -450 734 822 -669 -307 701 990 939 21 198 -633 -284 271 -244 458 348 -253 122 999 -310 -676 -883 719 -539 -61 -714 -120 -706 567 -642 -368 -794 143 57 -275 572 369 -360 75 864 258 61 902 -642 747 -113 294 652 -891 97 399 285 -432 -255 278 969 
321 602 -926 -908 -358 -189 246 -38 -644 408 -658 -519 432 -496 356 605 -189 495 -808 70 -239 874 385 254 521 286 368 797 828 -26 -316 -785 -202 -803 -651 867 857 101 465 717 244 164 285 -293 -30 555 -5 370 -95 39 -376 593 399 -555 -279 -851 -334 -114 295 9 305 981 -990 464 31 -236 21 899 -229 61 -158 -384 -201 291 -213 819 -833 486 569 -561 -285 479 -156 597 917 -930 60 527 955 502 620 -46 941 -664 440 851 347 838 -611 -551 526 560 597 -611 587 
257 -720 81 843 -822 664 491 160 -627 610 -558 -759 441 695 -8 -892 188 245 -422 289 761 -567 -792 736 -493 -783 -823 -264 82 -43 165 542 743 369 -80 855 271 212 333 172 508 -131 58 557 83 -255 -228 393 261 473 943 -853 -286 96 36 377 -704 722 214 849 117 966 81 921 497 -174 -439 239 530 775 547 -475 35 -813 24 902 -948 -762 663 652 -376 -580 950 971 946 -742 950 597 -933 805 -972 522 754 115 -525 -515 -14 959 -656 431 -554 -688 -119 882 -990 
61 713 935 262 -648 -45 -586 494 -361 761 462 -96 -752 -735 330 -610 472 689 -624 -54 -490 16 42 417 71 -172 401 462 -774 -392 -834 821 482 -81 812 700 -810 -58 -749 214 -568 -254 -231 961 -540 -384 -286 155 -612 -227 -981 -865 405 279 97 510 -574 -13 -895 182 470 791 108 446 -457 -836 -507 503 -656 -989 134 692 -11 -978 -893 -883 98 296 453 238 389 -605 918 44 654 384 560 -943 -452 136 -28 829 -621 -797 792 -146 -149 -893 -798 -881 944 217 691 -603 836 
315 213 898 936 -169 -609 997 -81 598 218 -72 387 334 313 -291 -800 -387 -838 -754 -259 -170 -787 -153 -271 -158 -939 643 -114 -634 -432 427 151 -682 -239 -826 -256 58 916 902 641 -664 -588 -634 475 174 -594 459 926 420 233 -781 -65 99 677 -796 -908 83 722 -660 985 611 -839 -958 -533 377 -959 836 -34 708 322 636 560 834 -715 -817 -816 -878 601 124 802 -110 -961 936 703 952 60 689 -6 549 656 -613 511 -664 -842 785 366 -90 780 17 754 -905 94 -984 -816 760 
582 267 242 431 635 -483 811 -506 -85 253 -112 -342 -461 915 -529 865 31 27 315 532 -427 99 251 -847 -761 652 -170 564 798 -708 -516 -454 -149 319 -561 -649 280 441 895 555 -28 -907 -970 -32 801 -853 -586 980 -300 -348 -634 -829 682 -976 -217 13 726 -168 582 -99 641 -911 -8 -6 -213 -481 -330 -229 -175 -17 818 -884 -917 374 -279 -480 -192 268 -142 855 -367 -832 -874 557 114 761 -677 663 771 479 240 138 179 -20 -678 736 245 435 -122 -398 563 -460 803 52 553 
-85 -191 750 680 356 499 -24 -607 -616 945 320 807 -80 -934 -288 -186 218 -572 833 -780 720 636 445 -845 -885 556 -202 -3 -127 927 562 -266 -879 732 278 -432 978 908 -39 -955 411 -52 388 209 -315 415 512 -327 969 963 -35 156 -410 21 282 -440 800 -24 -370 94 -136 716 -760 282 -10 -67 743 -152 892 611 -400 -942 831 -40 -475 -45 -758 -600 165 364 -910 -514 -760 758 862 58 -107 -159 576 -142 744 857 -10 -303 59 409 582 -787 404 153 -70 -491 913 564 -363 
-182 0 -660 -414 365 853 643 933 -61 151 -828 -519 64 79 -206 363 -649 946 -228 -186 68 761 -791 -157 645 953 -871 -991 898 -897 645 -51 938 -364 2 183 -335 144 459 280 -68 302 -428 84 875 134 32 133 -205 666 471 -213 -830 86 338 -242 27 -582 -17 -592 -72 -267 -646 716 472 654 600 316 -127 401 -447 -91 222 -240 -599 -444 -304 62 -923 62 434 -512 457 896 800 -951 -5 422 203 366 216 -910 -794 795 -770 -362 164 918 -65 -610 821 32 -165 731 556 
590 919 -298 -498 685 841 -616 -219 130 549 225 728 511 488 579 -882 896 -285 458 221 -582 410 -157 467 424 91 -890 -200 -720 -959 -518 561 783 54 -516 827 898 441 565 -314 -913 -343 -793 -554 196 -662 -415 -192 -673 -120 -377 -615 -162 -414 612 -300 -795 -174 -452 -388 807 -306 -513 -94 -142 174 178 212 -504 -285 -575 -323 931 -488 -543 922 -986 673 -168 -938 -593 283 -320 544 -237 -211 -165 -125 818 447 -626 -930 797 666 -177 264 -62 -682 46 490 187 -915 223 647 -291 
148 813 -928 -545 252 371 143 -997 -461 152 655 937 -562 -375 -1000 975 263 -488 -28 -708 750 -692 758 484 511 569 -893 751 -529 -713 -756 -784 -993 -687 -195 664 -798 -271 -248 863 -810 -482 405 105 400 -204 -832 -77 -371 138 679 930 -12 -405 -779 292 852 563 -252 173 -562 576 214 -881 -916 -955 969 -530 -671 -999 -624 -592 -940 -531 114 458 427 -338 141 346 997 804 -548 -227 -261 236 -667 923 685 301 960 478 977 -93 -505 -691 -560 -364 -616 -110 -468 -196 -396 636 422 
835 948 -851 -742 -325 -668 860 -410 788 -961 977 743 425 477 194 -107 -79 -851 473 -825 988 -878 -294 787 -485 -320 793 -765 235 -516 -842 533 519 262 3 -839 230 -75 623 692 -738 106 -733 537 -150 -191 102 253 -420 132 -566 -176 192 902 123 885 -865 301 564 904 415 -408 763 923 -141 837 -313 -42 137 -638 724 -113 -529 387 461 -900 -683 53 752 -778 21 873 850 -667 455 -973 -436 45 925 750 -523 -762 422 990 760 -982 -790 970 922 -486 -204 -260 -339 996 -970 
-489 851 -725 508 893 302 211 -135 -975 -276 -275 352 959 105 715 -704 -664 921 510 -129 -781 -960 -925 85 951 -809 772 -844 -801 -403 454 510 -234 880 -253 -697 752 -592 654 -273 -764 346 426 709 426 831 792 613 -643 168 919 -346 -64 -799 -1000 835 -557 -240 932 522 -723 616 433 621 -281 -1000 210 -940 771 -701 -389 923 423 124 -528 68 -868 476 -953 823 381 362 -154 -151 793 983 -907 -11 -639 -638 134 126 -524 -590 970 -314 -376 783 -53 378 -489 -775 -178 -111 758 
-44 363 228 -497 339 -868 593 627 -55 374 -319 422 241 -764 529 -111 756 -948 -72 -527 -512 98 -487 26 427 -855 922 949 711 -489 -939 -145 -367 693 -389 857 555 425 428 -496 414 297 82 25 490 697 -337 281 -206 -59 -604 686 157 858 771 -490 472 -489 -10 641 -909 901 -57 757 -767 -798 -689 -333 -425 168 -776 885 956 -837 461 209 -844 -664 690 949 751 558 -189 92 -76 266 649 -237 -709 581 10 592 851 831 498 -146 831 -210 344 309 -509 55 -973 184 -710 
340 -897 -362 317 105 714 -567 761 610 808 -463 -127 976 414 581 483 212 -477 -61 -399 92 -885 -553 -506 -776 55 388 788 -489 707 661 111 -108 97 -813 -48 -753 195 19 554 -135 -707 614 621 255 567 -186 -614 -597 546 -620 -563 -109 -44 806 -74 178 537 454 -517 -898 309 -178 -96 146 -898 -518 355 -419 -930 917 904 434 992 706 -449 205 -564 -254 50 277 460 341 617 -963 -546 79 35 -385 -315 360 -308 161 55 -947 263 132 -144 -400 143 633 101 150 397 769 
544 -765 289 518 -763 -54 32 402 871 122 -930 -920 -733 -94 -934 905 313 -530 442 -937 -672 -985 -898 -141 517 661 -967 728 -601 -987 889 -184 -761 -954 -43 -541 590 539 -48 -904 -30 33 -155 -882 -801 -746 -918 293 748 987 38 264 677 -705 946 553 557 -913 -556 45 -666 -535 -161 -519 -733 159 23 722 792 369 455 786 -402 -624 -62 -244 -177 -985 -573 -984 478 -647 585 370 -56 435 185 -913 148 726 511 363 657 773 816 -711 288 159 981 -878 234 334 -43 -29 713 
-996 -132 286 -364 -639 -489 -304 -682 575 639 770 888 -584 559 -483 223 948 -512 -171 -920 -361 823 -579 -688 440 412 145 -748 -733 -988 -809 -49 346 68 289 -363 -251 206 225 -525 -179 -966 413 -158 593 749 -523 -734 -898 -659 424 120 -728 514 -895 635 495 -825 -608 -397 565 -170 -77 -9 150 -9 -708 126 578 -542 -818 998 -21 -849 662 -3 300 -702 536 -954 -22 -2 -855 -299 392 -879 868 379 154 -518 -734 545 757 313 -588 -506 781 950 992 858 147 -368 -380 -687 630 
-753 710 538 -232 553 690 514 939 -185 725 970 273 -966 -364 932 513 -61 719 728 872 599 -719 262 -925 -794 -264 -195 226 620 603 243 49 -458 -901 89 -311 -871 -996 581 -154 -450 -870 557 16 -221 -655 -539 899 -613 -62 911 698 609 412 981 -196 140 -105 -297 670 226 -606 330 -158 751 689 942 -387 -952 -796 -917 529 -726 -118 -520 -124 -575 366 -831 353 288 -774 952 129 445 -763 -453 -187 -727 -738 -33 926 427 714 -255 -73 -865 -495 224 460 206 3 -959 507 679 
368 959 761 -171 -46 -22 -367 275 40 498 888 -760 -349 -578 560 -559 -338 -219 865 -801 707 184 38 -378 -998 -813 -502 -3 402 409 616 59 -436 254 480 -64 632 923 -277 -607 -22 408 -458 744 -741 -285 285 -377 -606 541 682 -599 -727 222 312 -202 366 797 -922 -347 857 862 30 -406 151 -232 660 -696 350 -131 -626 623 -646 643 -873 -417 322 456 -271 433 -414 577 113 78 455 244 648 -916 627 196 836 29 -132 -384 -473 -281 -587 -793 154 -697 861 137 637 677 278 
818 590 418 706 142 136 -971 -460 -296 -964 395 -718 333 -994 952 214 -103 393 -975 159 -220 -848 -509 -544 -208 564 931 -705 72 20 380 -850 456 -483 -283 922 54 194 -288 226 -240 220 -875 916 -647 827 157 -204 927 -392 -462 525 114 -72 -438 350 349 -181 410 -431 -248 -151 611 -166 880 63 318 -577 -129 528 -965 885 23 340 -463 219 823 -123 662 -167 408 -591 772 -168 652 882 -251 227 64 -858 753 445 22 217 -7 589 409 282 9 -235 320 -103 117 -770 378 
369 -145 150 -451 76 265 979 248 -918 -499 48 605 -849 517 989 860 240 -855 683 -477 -926 1 -82 990 -308 -98 -765 987 867 -747 -347 219 -357 -277 -492 -848 834 972 455 -973 -864 852 -590 612 -381 579 -302 647 -144 -547 308 -390 -365 -684 -46 520 151 -33 -528 -270 -375 -674 -457 -433 501 -469 -928 303 436 863 -843 -636 278 803 401 -616 -265 -736 -891 252 703 934 -921 -466 -996 861 -276 283 155 -419 -794 -600 -362 -89 -586 904 54 207 379 14 -432 2 -969 196 608 
796 827 317 -964 -196 135 284 840 249 770 902 498 900 -188 381 895 236 449 -31 -775 89 -17 -833 -159 -158 -34 -270 456 -804 -244 945 466 7 434 -862 -306 352 847 237 483 -83 490 -962 281 590 275 959 -872 17 -126 688 -634 401 112 39 107 -754 259 -41 -503 -593 165 -175 -572 220 -21 -773 935 -163 396 -544 888 -595 -822 491 187 -425 364 912 345 -946 -795 -820 27 -214 372 324 800 805 -466 -561 -299 -979 -831 232 -7 643 -332 -930 324 -22 257 -307 325 348 
-764 922 -26 -870 -496 -768 -207 738 657 90 769 19 -191 -264 -654 -944 -778 682 -281 838 -84 768 -940 -510 -287 -191 -29 -577 -27 307 297 387 -142 -181 348 -196 100 -861 836 -11 -749 -527 701 -370 176 -342 -601 -937 -236 -80 629 37 256 931 530 540 -707 253 -645 -387 -916 981 479 374 -188 246 150 -847 -904 788 267 541 193 691 -891 -87 219 -570 113 399 -630 486 -423 -8 -745 -605 948 231 147 -379 271 316 474 707 870 509 -763 687 -963 453 -62 -543 407 461 626 
627 -477 -309 -876 662 883 -830 872 -138 -529 -80 -703 196 278 613 -841 266 772 -192 102 -578 -342 854 399 -584 -133 -42 922 -284 864 -424 253 634 431 -541 -940 195 583 407 -593 310 -607 -404 -148 293 -262 -994 907 -873 980 -299 151 235 701 898 333 357 -172 -827 636 -338 -600 -9 -422 142 -724 -837 201 -914 943 776 -663 -261 -715 -412 -258 -880 965 607 -639 -228 309 14 779 -829 287 -90 -426 515 110 -342 -830 -441 -923 645 322 999 -402 324 202 623 274 657 -56 -506 
-419 -16 -616 572 -968 -601 872 -894 875 -38 -889 410 205 -121 -35 -73 33 145 470 169 297 378 582 496 -101 -885 818 -824 740 -690 -257 197 -763 764 271 -893 -96 944 531 -622 772 60 990 383 764 506 484 -309 111 -72 409 -922 794 -575 -661 -643 -72 -180 -690 -583 -982 -514 -231 199 336 809 -584 160 91 -624 251 386 -823 -293 215 -508 596 927 -185 -863 780 -764 -423 431 353 -752 540 -727 544 -658 938 866 209 -160 443 57 834 594 -892 516 -747 324 -504 -363 -93 
406 405 333 509 -630 -29 1 -590 401 -957 59 -942 -57 -825 606 208 -753 -394 -830 701 831 -269 570 -558 -765 -933 397 -728 -144 -250 -109 695 -372 -588 -867 847 -926 -308 -360 972 -618 957 424 -411 -193 161 836 -493 -213 -352 286 -174 918 -421 -910 -24 -221 301 -516 41 580 -32 354 -844 134 -424 525 539 -216 -89 -47 533 451 -495 -467 300 -704 -827 -26 -78 -554 -661 826 -241 550 308 304 -962 -433 -887 415 -394 -911 583 767 756 377 -458 308 -183 649 -738 -248 -774 700 
248 -254 -424 868 -689 -34 553 -876 -282 632 -607 -474 383 766 787 -707 -292 -87 -182 -508 -979 785 378 -871 859 2 166 474 -674 293 655 635 192 -244 -575 67 168 259 -116 -798 506 690 170 842 -669 -991 368 -12 987 -266 -513 -682 -604 -312 420 -409 407 130 391 356 687 -177 -268 -137 -303 -361 434 -226 -354 754 989 -77 -28 707 43 665 504 -250 517 287 -434 -707 317 262 -756 604 -482 302 357 368 -898 327 78 800 -78 163 238 -110 -880 -895 91 719 -19 37 830 
675 211 931 -589 515 761 -5 -251 -772 807 -235 793 -209 -460 -237 -735 457 639 -716 -131 -462 771 807 155 163 -760 763 -33 479 -71 476 922 -662 227 -660 -263 963 554 787 693 861 312 845 92 -173 87 -335 467 -803 -806 -39 391 985 -406 -803 337 635 702 -384 769 718 182 -832 843 71 530 -193 -885 -724 67 786 89 -529 -377 22 -422 854 676 527 -530 314 -617 -858 712 -250 -339 844 481 -218 -166 907 -13 526 230 -801 -234 -712 -885 -274 -69 804 -989 -1 -858 463 
210 -473 856 -333 792 283 -937 820 142 78 -679 80 -395 110 -874 111 510 -852 247 -204 910 583 584 312 -866 -478 -148 -752 743 -642 -216 429 787 41 -574 901 469 609 629 501 -710 -785 692 739 772 261 523 827 -733 -963 197 640 497 167 901 76 -772 773 -573 -4 -65 -354 -546 638 -676 -658 808 -134 672 -904 -586 595 479 -524 -894 -411 -989 -377 -758 -234 -715 -160 -550 475 -753 370 -340 29 381 -231 214 872 -657 985 -567 473 257 401 812 -848 726 839 857 -215 596 
-400 -436 -193 829 795 -789 -294 179 -380 839 -674 -821 -82 -390 -456 835 956 -704 577 225 -508 183 -582 -954 -578 120 181 -857 778 623 340 -990 308 -748 -846 995 868 18 -51 428 89 -297 356 -755 -772 349 -651 -109 -912 576 -75 -737 -323 -577 770 498 833 -429 -881 -507 -939 757 294 373 -530 -798 -114 522 210 319 269 -37 -285 -157 -759 953 196 705 989 -862 971 -104 264 -531 -215 -266 -162 -21 -278 -579 -192 -965 377 552 683 312 316 -948 -857 -835 -256 -114 219 788 -646 
1 961 914 406 815 697 349 -269 626 448 658 -359 -159 942 490 360 390 -348 -798 900 239 109 617 930 -735 -692 -643 -121 374 -643 595 796 -643 1 -884 -109 -721 -729 228 -726 371 615 285 -927 -527 -100 -487 830 -504 193 966 536 814 -377 324 507 -411 90 869 -683 851 -801 962 -570 -489 591 -472 -741 46 517 -567 958 149 -359 -925 154 -753 -364 940 -220 937 517 -609 860 543 243 878 -91 821 -415 -202 659 -450 -27 -201 249 -300 978 -337 645 755 496 -322 -90 925 
42 583 -283 495 413 -283 565 -988 -941 707 -988 452 248 -129 178 -719 528 544 147 -640 -711 -950 524 829 203 -865 734 -537 -766 -608 597 -920 60 -786 366 -596 600 690 611 536 -513 -852 -617 -526 793 -365 695 -174 -342 -131 -1000 -323 -90 -925 964 410 6 -212 -956 253 816 -346 575 -119 569 520 841 -382 -996 -51 92 -778 -478 212 -144 -189 -38 872 22 703 402 750 200 -728 -502 26 61 -57 -740 276 866 -370 488 -556 -811 423 595 -396 225 954 477 353 123 77 524 
-545 573 424 23 61 -939 -358 823 51 579 309 -517 470 -544 973 -479 -573 -471 903 363 319 541 -314 623 -274 724 977 -464 -602 722 51 -512 690 -982 -962 208 3 -797 575 -39 55 1 -711 -662 -474 -523 -211 965 -619 -533 -586 889 518 129 275 78 69 -937 569 869 643 510 -348 725 312 418 790 707 -628 -495 479 974 702 649 487 553 252 832 -97 -502 863 -680 429 -337 -593 494 -221 987 768 865 -941 369 342 154 -454 917 156 959 -436 668 545 919 585 647 530 
645 202 -302 642 474 -130 -537 -249 -459 -986 510 -160 -684 -322 748 680 -803 486 -313 -996 -640 798 444 252 -206 -111 581 -28 552 -858 -757 281 -898 131 757 693 828 -463 705 -78 237 559 -553 374 -517 10 367 -354 946 -632 628 -46 642 -840 -255 -357 366 -559 884 58 628 -738 808 648 -277 -9 -702 622 865 -98 -147 753 -810 -604 -956 -819 -62 -503 -181 902 874 -921 -703 -749 923 776 827 573 675 284 295 412 -454 435 -263 -668 946 103 604 386 113 919 577 568 -560 
314 -710 386 639 592 -947 809 -681 -670 315 -954 707 -328 -988 53 -780 -101 -348 -855 -218 -685 -354 300 883 -100 -158 368 -67 -537 255 622 610 -781 -876 -264 780 -733 352 245 -614 -44 775 136 -279 654 524 -804 865 -201 417 678 682 988 -378 -89 -117 958 -613 -933 -752 45 322 -959 14 752 -609 454 -356 285 -452 843 166 353 135 -999 -984 416 -13 983 722 -713 -260 590 875 771 630 505 499 802 -920 -438 285 -585 -905 -473 429 -743 -281 197 -174 -127 988 -957 -865 323 
-503 910 -558 434 519 458 909 -996 745 -696 599 466 997 176 -583 819 415 -999 170 477 -379 -503 -947 -190 -858 369 -439 -518 407 -912 655 -96 -146 911 26 -256 -627 862 868 532 5 -723 240 -513 -104 -557 -199 109 -569 -825 -541 473 -764 604 -946 -552 59 620 676 -488 451 -729 -186 441 366 -866 -259 -64 836 959 -855 -886 765 -96 6 -346 379 -382 -236 -372 685 -680 302 867 -188 -950 -96 717 118 106 -449 -755 949 193 -275 -411 919 -358 244 -864 -149 707 253 762 -465 
128 676 953 -134 42 918 -406 66 581 -529 10 778 -794 854 -20 239 -246 70 -67 -971 406 341 169 863 794 676 -161 -522 -724 594 365 -459 474 -784 -247 -506 -553 887 -481 -532 -666 -76 -643 -663 -127 -185 763 367 -364 26 916 214 915 -956 858 747 -938 -90 -962 -594 -913 937 416 182 -672 319 -634 473 510 -343 739 916 -987 862 644 -304 657 -553 -708 -539 557 -367 661 283 -562 59 -340 244 -120 -844 769 665 -768 -624 234 700 -750 998 651 -915 -326 283 130 916 -896 
806 170 -663 -620 557 -128 701 -555 -583 -997 -17 -121 -833 202 -670 4 -495 -670 -346 -318 -91 -571 -970 -154 -740 658 -857 939 -811 -778 -547 -586 -375 -714 827 446 451 -676 979 -218 336 -304 -351 431 361 -387 96 603 -832 -381 891 -712 793 715 139 661 585 726 156 450 617 0 -135 -820 610 -211 -823 745 -93 971 473 -893 566 -540 690 931 751 278 -239 -148 -445 -369 -960 230 -454 434 974 -535 -58 -999 37 345 108 -593 513 -551 804 967 -589 -454 526 336 -531 -410 -392 
-922 379 -788 701 -431 -782 615 -571 891 -566 910 -863 -241 -109 742 661 129 -557 744 -985 -185 557 69 -969 -439 -455 656 -592 -27 176 -328 -635 -803 -267 -452 -215 -576 -712 549 278 -887 806 851 78 824 -179 76 931 -495 437 195 -651 119 -196 844 892 609 779 15 275 197 649 -142 -68 559 -343 -21 -920 8 -321 106 -278 -858 483 -882 136 -587 -867 -391 189 746 -853 -146 315 -782 673 -671 306 -905 -416 -754 -386 -938 -380 -707 500 30 -561 -46 -216 549 -188 -488 844 385 
649 781 79 -736 715 -764 -273 -971 819 -742 876 -830 231 -250 -837 -321 -405 626 1000 -510 -219 -75 -51 607 -335 138 868 -522 620 -844 230 -425 708 692 750 -231 959 -321 -341 104 160 136 814 -656 192 -33 586 504 -543 -697 277 108 -533 -556 314 358 -133 572 -978 -964 867 -779 118 -622 85 -889 968 -823 -141 -739 -169 946 311 752 124 -460 -956 -430 926 930 -661 340 664 -113 307 -876 -934 323 -796 -41 357 788 148 -575 420 25 253 77 154 -826 577 -754 291 -689 530 
-84 754 -56 -400 733 991 -124 -161 479 480 334 697 206 -983 -712 -795 -354 947 519 -957 -711 -856 -965 -971 200 247 -589 961 -441 -255 -190 110 626 792 723 -524 -297 -51 -375 -813 -989 -730 74 -889 -125 148 -876 -140 461 -627 366 935 -315 -347 84 -342 229 359 625 -947 -20 762 -725 -999 -223 590 896 828 521 -49 -168 83 -244 990 -637 -890 476 686 -523 230 -155 -191 576 -107 -307 627 684 -898 468 -576 -858 830 928 742 -471 -375 29 69 -9 772 -984 272 -314 -246 -435 
470 -757 256 -719 788 673 -645 -155 41 300 -516 823 -906 -404 -859 -65 -785 -249 -206 -622 483 517 942 -259 959 -427 120 608 -467 556 131 50 467 529 625 476 303 974 13 400 748 87 -957 -855 934 978 -469 -208 910 -556 199 -991 -848 -171 707 -975 -23 -461 707 39 824 -528 -604 -723 999 -180 -670 835 20 761 564 625 -791 -361 -99 493 354 -244 547 -76 54 -77 397 219 201 -45 825 -660 -581 -217 -465 -436 -720 -20 433 659 -757 -55 -504 652 900 -163 174 234 211 
801 -437 414 -528 -61 274 -577 -526 732 -195 774 -325 -103 945 -736 244 917 963 746 407 -716 -536 -223 -601 -116 290 -54 -707 -792 -510 -943 26 -692 984 -234 -702 -448 161 28 -816 523 183 -350 597 -146 -645 129 -757 879 958 -107 -777 -186 -221 95 852 989 -369 -16 -983 89 -555 -874 955 680 778 575 -518 542 -90 78 -738 -20 264 -219 737 -462 429 -650 -301 -103 303 -357 -586 762 -688 568 721 592 -423 17 -800 -965 -468 619 -287 987 -56 900 356 255 -743 -183 -669 -747 
770 -611 -115 38 452 158 566 -94 -782 954 -367 -596 935 556 -211 -621 71 -51 -355 -253 539 524 -107 -596 -769 617 661 530 878 -903 -231 -679 -934 731 620 -106 -756 -75 445 -160 771 -131 -658 -802 -338 -442 -151 500 -31 14 -270 483 -940 -369 667 417 817 402 -944 -936 479 -765 289 -404 739 -408 -775 -787 259 -503 -685 211 456 717 -349 183 -323 309 -528 284 -305 476 309 -820 55 -392 -779 -901 649 761 -3 855 545 956 -110 813 515 -383 42 -577 864 -242 536 200 -266 
403 -707 -487 168 -93 132 937 -263 371 318 -154 504 -542 -695 -981 649 4 818 -573 -699 -714 -622 278 840 905 763 70 428 -997 179 407 630 -73 82 609 831 -144 916 285 198 -171 -826 383 -311 216 892 -67 323 567 -515 992 246 532 503 -532 278 -560 418 -568 -565 46 -902 39 317 655 -510 -759 -445 -188 -82 181 -587 -220 -731 544 22 343 967 -64 -446 -963 71 -560 594 730 -499 676 436 -516 -952 150 989 207 456 -380 -988 81 -258 -426 -740 756 819 -685 -469 40 
-377 -594 -66 982 -1 -292 -150 -674 225 210 -790 -297 854 -514 981 -8 696 413 436 763 -88 726 425 793 935 -29 -558 583 21 -946 -389 750 -308 406 757 -877 -316 7 936 843 535 -551 -850 718 -325 955 -980 -643 -744 811 308 -490 -483 97 -253 524 -426 530 -785 -269 464 385 -805 663 -396 373 -94 92 319 299 460 -220 599 188 -272 367 910 -706 713 667 897 818 316 -555 -858 35 892 806 -903 311 723 -951 -629 578 -952 41 859 -974 361 -258 -258 -862 143 458 864 
-412 746 -267 -254 408 -288 629 937 858 767 665 80 -776 -430 -927 -771 -579 -127 -540 764 666 292 413 -719 42 -388 -517 798 -383 -948 -383 650 -499 294 -245 332 -1 212 -470 -815 591 -984 891 670 533 955 -55 960 -899 831 -551 -718 318 741 843 89 -738 763 -892 -455 185 460 -316 950 857 320 42 924 966 -861 -70 -379 -157 287 -626 -751 -530 214 -129 -705 115 670 -30 511 -250 -904 30 -550 187 426 573 880 76 95 -537 841 884 395 -163 -293 -979 100 -277 370 639 
831 -258 -240 791 -814 -20 530 -324 901 -776 -785 -265 -107 -890 -635 651 465 66 -851 -746 -460 -589 -898 -541 -901 776 139 -597 931 197 924 -755 963 -274 537 54 865 313 756 502 751 -36 -65 802 -90 562 -220 704 864 528 746 -171 -657 904 -16 -699 680 163 901 -81 -569 797 538 -398 -848 -619 831 -27 -721 -368 787 4 341 420 -978 -384 -828 289 979 -271 -7 794 533 -82 -226 -372 619 855 358 -765 -319 -634 528 -443 -932 -35 -320 -738 -948 99 682 -964 -172 -136 148 
