117 37
833 408 164 611 -699 834 510 12 47 108 221 -966 395 -859 -673 977 794 -788 563 645 -714 124 194 -606 898 -614 788 997 -291 117 778 564 -282 314 -158 -139 -641 
830 -86 -161 361 -562 -955 364 800 770 -385 -423 -721 431 8 -528 736 691 862 357 -668 -284 -524 -528 -892 -75 963 -700 934 -627 375 640 648 887 -599 -828 114 884 
504 -766 579 92 945 864 -730 310 -273 -579 318 -753 -578 565 447 370 154 -825 10 -360 -130 -423 -193 -427 -72 113 -979 509 157 933 -632 14 572 -674 -460 -657 -902 
-594 875 458 424 -48 -430 -772 764 264 665 -784 -154 -785 312 -185 410 -206 158 -351 -495 -246 834 796 804 386 940 -166 590 169 348 -585 426 -726 -954 -177 955 430 
-494 -705 -419 738 -838 -86 288 -768 369 425 813 -262 -290 -348 354 -282 762 -894 -283 -689 -953 -750 -561 -709 983 308 -871 661 -861 -410 22 -304 -950 -680 980 -933 689 
-885 137 651 745 267 -770 835 20 576 305 980 975 -439 39 732 543 664 199 765 39 268 434 878 -969 56 67 833 768 903 -205 232 -930 -543 629 647 -202 159 
-8 224 763 -749 -842 -806 -911 -204 -254 877 526 461 -62 604 316 -267 -369 -220 633 577 474 -656 367 -873 551 -145 981 637 -734 -977 -143 870 288 -6 -171 292 11 
-907 779 422 497 573 -837 641 518 -837 603 -638 -508 -52 758 -447 678 386 441 323 99 -106 827 808 -547 841 -251 559 -178 -837 758 -458 214 101 -953 993 -855 148 
95 -901 -481 -65 -353 465 -174 687 336 17 182 -325 59 -984 423 -826 411 -335 833 -723 599 0 195 954 909 522 290 493 -151 233 -63 920 -209 804 851 -518 291 
-734 894 60 895 -420 298 525 -92 928 -609 -471 545 -477 742 795 -462 818 836 515 -489 484 459 -502 -44 623 30 -937 -231 93 828 -330 -229 -183 616 -917 123 -674 
67 -981 -215 175 263 986 678 -342 -968 -190 763 -938 769 372 609 -433 -593 -644 182 699 -641 -296 249 -67 -625 -17 596 572 15 -524 -843 446 -26 -253 -631 219 -881 
266 922 -556 -116 -629 -395 713 530 -102 -497 -65 -612 221 900 -528 -960 735 914 -66 -182 -410 -759 -486 -306 -282 -260 518 -518 394 -303 159 -485 -161 -594 -67 976 -287 
-153 289 -229 855 -550 -13 -211 920 771 -970 -616 -455 -115 -182 460 -679 -85 -715 429 105 -819 482 988 -365 -327 -82 -482 506 339 -419 -288 753 -484 382 717 552 -794 
-797 242 -549 885 962 -102 -707 -324 -806 89 -481 -891 683 229 -154 -869 -894 306 -464 950 -678 219 741 -355 624 435 40 -870 -782 647 29 -890 -480 762 950 484 11 
-71 785 649 -1 925 -511 464 707 892 533 -382 321 -907 -504 -280 -108 35 -130 -727 753 586 264 153 -417 725 590 971 245 499 824 323 -86 212 335 -809 64 -532 
636 254 894 -742 415 -236 -12 33 529 -342 -655 -550 -596 -366 213 1000 -439 -712 226 849 792 -666 -227 413 -824 956 -664 113 362 944 -250 -454 237 -449 -652 -305 378 
-393 192 -833 -711 211 721 -580 802 -815 -110 524 256 409 455 62 -204 576 518 872 750 46 -558 524 -80 944 476 634 -893 589 -296 894 -762 -748 790 -289 -884 578 
476 82 -842 813 -261 -16 663 -909 -451 -641 373 -323 -719 434 440 -295 108 -842 -139 -248 -975 735 880 -741 504 -200 -980 937 -585 368 527 205 898 857 784 -104 -249 
321 819 -440 -84 215 -50 169 -818 548 -865 870 331 -175 -932 381 -391 388 -572 194 934 668 -731 664 256 734 -737 769 -925 470 -222 -564 -617 169 409 -890 -622 -181 
381 517 -819 -133 -768 72 -292 108 567 748 -118 -978 183 -103 562 354 -781 -175 5 573 317 153 -19 -578 856 -909 -812 817 287 -104 -960 -819 -406 994 -13 866 -408 
-591 428 -786 -454 -217 -972 -43 -619 651 -499 634 -55 -790 254 -794 507 812 -970 242 913 655 80 -266 483 960 -593 99 302 325 444 -175 953 652 -815 692 -443 -304 
549 70 924 14 320 -718 688 -814 640 797 -835 -461 653 -117 967 -193 -561 -876 -805 586 857 -362 217 135 -310 447 -7 -55 -367 141 -496 -286 240 890 691 -130 -993 
-252 700 -19 -521 980 503 673 717 133 -847 -424 734 -923 914 219 -821 225 -34 -232 385 486 -413 -287 301 -855 -402 285 -177 -489 38 448 383 -964 384 -236 412 -54 
579 47 -944 -479 673 -396 -418 775 -862 881 -951 -690 -516 810 155 -381 840 -920 -314 -656 130 -777 892 -446 212 519 -859 912 -201 844 -721 -113 -105 -7 -43 -331 135 
-294 -81 372 -178 328 11 266 -336 -98 -509 -548 789 708 394 -993 971 -617 637 181 -40 490 946 -389 202 550 -590 -725 198 -69 -305 479 249 -567 584 -833 604 844 
-651 -694 -340 -873 -483 914 77 -758 616 587 836 793 909 -174 6 -701 455 -346 -470 902 -324 -445 95 -346 -464 324 -491 -914 -871 -621 -493 -915 423 567 -479 -96 163 
-115 302 -103 -655 28 -782 432 -84 -458 605 -148 -401 32 -210 -352 42 636 -3 689 -33 481 6 537 989 -889 -305 -523 -914 -874 -596 -759 -375 -129 -655 -479 318 765 
922 -237 -197 667 -137 581 347 -466 -985 602 264 -477 -75 -686 -389 -791 -934 600 -901 -709 -672 -331 -803 464 893 -869 -578 498 128 890 -306 275 -144 -162 -379 -914 549 
337 697 132 166 535 235 618 -130 -128 -21 649 739 750 709 588 385 -174 -226 496 -393 422 109 419 -64 -284 -986 -878 -532 995 -685 -727 -686 -826 -836 68 380 665 
200 -796 -720 -752 520 -972 575 -261 -208 157 310 -100 -528 984 -541 367 61 -319 635 610 -613 -53 -176 742 -726 -608 293 -254 982 -671 -435 92 629 -694 880 136 -835 
-161 -481 304 444 325 -910 -144 -575 558 -236 -888 809 -789 -81 328 -683 -715 -946 -634 -292 459 -283 579 -231 490 652 -685 174 226 247 -362 453 -491 970 -313 375 121 
-423 516 -391 -158 364 241 241 609 957 -589 535 -357 -858 926 890 -538 0 -810 -740 -770 -273 480 862 -846 -360 -59 335 -266 -438 -679 -117 622 -107 29 -879 199 603 
-504 -137 -79 -931 -905 -581 669 -462 -540 264 716 -386 -101 -484 928 432 983 -741 -374 21 -716 859 -601 -324 290 912 754 -983 -605 -105 783 101 614 -925 858 -676 844 
542 -556 -712 -356 -995 557 862 857 818 -295 750 -52 -412 872 312 -411 188 -558 511 -313 28 -17 -699 -594 -36 -419 666 101 166 624 173 486 367 548 595 -255 -736 
130 423 -592 510 -480 522 -749 906 486 -130 391 478 979 -955 539 -118 624 213 -306 -991 581 -31 -143 315 718 -929 -676 -30 698 -66 -794 404 -497 -814 -98 375 831 
-598 -917 222 523 -304 -575 713 289 886 -583 143 174 936 -349 -696 -996 8 44 -687 729 358 673 -535 785 990 218 193 566 -400 -737 -906 -828 514 479 566 -695 -369 
196 890 24 -695 -552 661 913 127 878 -428 476 -388 -180 -834 844 -11 -309 -496 315 963 997 -331 363 -936 -320 192 960 -220 29 -998 815 634 -210 -125 708 793 650 
89 487 -637 -587 275 303 302 968 -10 -791 -762 210 380 -236 -238 747 -176 796 -509 544 958 -187 -939 -327 -399 149 -432 -765 -776 -805 -604 691 -274 789 968 798 -258 
-402 431 -97 557 -306 668 -498 19 675 171 942 501 -246 520 826 595 100 149 292 -682 442 -415 -307 -197 706 -735 223 606 311 -422 781 562 -289 187 230 -650 876 
-719 386 -66 -632 345 -123 700 -73 446 -472 -459 -68 909 987 943 -278 583 -490 872 -135 632 895 -432 957 84 -499 -766 -341 -54 -633 88 -28 -742 709 842 -788 -631 
698 -911 -926 -255 -647 -124 -984 284 -784 -288 -867 584 696 879 -31 272 990 -688 994 -648 67 -763 905 -659 1 259 -166 879 598 -919 -807 912 749 489 -309 -329 885 
426 199 -171 -605 -96 778 -338 594 818 -432 -621 29 -50 1000 -254 -112 -212 -214 -66 -833 -70 495 -880 935 -857 285 249 725 775 269 -998 168 -420 -747 -967 695 259 
-32 -445 975 -202 368 -171 557 -848 610 -196 89 598 761 -165 727 -472 -747 306 -763 -977 603 -737 -413 -887 -226 536 585 -768 236 -909 -411 -770 360 -824 -233 682 -219 
619 -59 -245 -760 513 523 831 -469 -236 -311 848 993 -674 -736 841 -319 -284 -180 -357 -771 -396 222 67 365 812 723 -308 -676 156 606 726 920 716 -169 -146 184 -582 
-745 235 -530 -223 150 -647 203 -518 -646 -490 -550 557 112 488 709 -417 -565 238 151 932 919 -365 -197 -928 -744 635 -51 -887 -841 48 835 -699 935 -137 303 414 -422 
-10 -896 298 566 687 -340 -995 687 882 470 178 -312 371 132 120 -8 -864 716 904 146 340 -863 720 -405 826 -814 114 517 953 -709 -382 -911 -9 -51 -918 -426 433 
-723 923 794 -527 -136 160 -722 -438 50 424 812 142 -330 -840 -921 -912 34 552 883 -38 -510 48 -848 -97 -527 -84 10 377 866 -292 263 -945 -366 -912 -788 -673 -110 
52 -158 576 -395 -311 64 -236 -522 902 292 -717 601 698 -939 -449 721 -241 -800 706 867 -755 -508 287 691 310 -992 658 -669 -580 655 -167 -605 760 94 804 68 -908 
121 -223 383 854 677 796 -25 -432 -738 -212 -581 -533 87 -133 -292 143 -711 113 -487 -837 -637 799 802 -571 589 96 -738 -36 -412 -293 -516 14 -601 -27 -704 -295 292 
292 328 451 656 -333 644 -350 -188 49 -225 285 348 -479 874 -988 439 -835 570 924 -495 387 890 -162 743 787 663 928 -767 213 27 725 860 851 757 -572 -359 -31 
-384 -898 631 -267 -296 449 -237 -33 629 148 440 -400 -773 257 -819 787 -65 -726 -591 -724 120 316 373 610 452 -257 -384 355 -377 -626 651 -378 63 938 -637 155 -332 
-557 -408 -792 438 -426 457 300 108 417 371 463 549 222 979 81 1 -389 -398 -920 -206 -952 632 -946 -678 540 291 677 299 -651 721 -611 -873 -249 -8 -953 453 645 
380 871 -236 -80 117 643 546 -475 -514 787 -932 -473 -565 568 686 753 -256 890 -797 145 -928 -440 550 -848 463 585 373 648 -805 943 -575 -614 -155 -601 -392 956 387 
-289 -884 -408 -625 -511 698 -416 215 694 -468 372 -901 161 350 703 -172 199 977 836 756 114 -268 541 459 94 -86 -680 860 221 611 -498 581 116 -343 -969 283 983 
-714 519 518 -666 93 344 946 -294 -802 415 662 242 -748 -509 -826 -256 -894 617 -146 144 -523 92 808 -514 -904 846 -444 -231 519 -213 868 849 148 -150 -416 -316 -496 
-562 845 964 -253 -391 -807 104 -929 571 128 -181 558 380 -952 157 -472 -628 -327 759 -859 -12 -981 -681 -731 -674 465 -621 663 687 -371 180 -414 480 -554 -104 -564 783 
266 -496 -835 926 -537 757 -816 -950 -297 -824 -324 91 -455 -57 -773 271 921 -120 435 955 -403 -820 992 -873 -896 989 350 -783 -752 70 724 -440 578 -589 841 -489 575 
270 -537 266 -664 -451 -642 468 672 717 -895 -664 624 -738 -311 35 104 -34 982 -722 -257 -874 -957 -80 -46 254 -388 279 -240 -1 695 -5 98 -315 13 90 579 945 
670 -328 -276 -126 -105 6 108 249 -895 244 -277 480 -82 -418 -714 -877 -287 -591 14 663 196 414 -381 -224 582 788 934 106 -972 509 491 -297 661 -453 592 219 246 
2 -291 153 824 -350 763 420 -527 788 607 -511 -714 -952 317 -235 664 -670 977 -745 -304 367 -167 -425 305 -428 -37 483 648 -27 360 329 -938 598 420 414 -879 378 
-725 -119 677 -43 529 -79 937 -983 -655 726 822 913 254 824 463 -954 953 432 534 306 80 -448 812 -129 -708 -14 297 198 372 -10 950 857 -163 -640 259 460 -930 
-553 989 -735 435 750 -109 -679 523 149 -250 -407 709 915 293 284 946 465 400 594 913 463 669 -975 697 -309 -812 961 -333 754 888 -684 899 887 416 -876 534 -192 
-284 -325 586 -388 611 -501 161 413 -658 642 195 -774 -205 858 -309 -126 474 787 -835 42 316 899 493 447 358 815 -258 -561 -951 205 -823 300 650 -343 810 640 251 
967 760 600 229 676 471 -429 866 775 637 -122 123 -495 311 -873 766 380 244 -815 -919 626 -587 -909 -712 54 133 -404 599 829 313 540 50 -507 -310 695 -850 -961 
-627 -7 881 992 275 56 662 16 533 -556 896 -275 -480 -813 -311 235 -577 -204 643 -415 545 136 464 -111 978 -212 608 -630 260 -782 151 -883 280 218 -681 -322 385 
-349 977 305 -873 423 300 91 130 -318 161 -817 -815 -730 -105 -777 -620 -890 -987 28 624 745 737 -352 743 -5 -735 -757 -933 5 -639 -436 -432 626 180 335 314 254 
838 243 -72 75 -329 793 -288 -52 480 707 -62 -648 187 -145 -46 -860 -202 -961 -998 -308 967 822 -697 854 939 218 -594 -969 66 847 -171 879 -353 599 -569 -894 730 
-60 77 341 -937 878 -240 -107 -613 -1000 464 785 999 417 156 462 -980 -556 -657 463 -439 -351 -877 75 -494 -88 -223 -384 -32 -304 -481 847 898 678 893 549 -792 -188 
479 -125 -983 578 532 -216 17 658 643 304 -531 -678 971 -278 -129 -388 960 -787 654 -174 792 -637 -977 481 -87 -254 704 -271 49 515 232 450 -533 308 145 -505 -669 
-146 237 365 -186 992 371 -129 885 -556 891 356 -627 -645 760 -551 271 -39 24 -127 -26 -504 -56 280 -35 -222 -285 -427 674 -325 529 138 -604 609 506 -342 -275 -156 
131 792 137 764 745 321 -217 -405 683 911 127 509 -632 -248 228 137 -296 -530 737 707 -554 274 56 -372 621 838 -609 470 443 -645 -159 483 690 886 -316 -329 513 
-231 862 -365 543 -621 882 157 49 -284 152 702 -774 594 -18 823 -17 722 463 564 -169 -550 -824 689 125 -19 -151 -493 61 -888 641 -967 764 -990 459 -116 932 -252 
359 29 693 343 201 737 -886 80 200 -523 -288 -4 599 -187 -104 892 -265 -177 -813 161 147 -326 403 -713 -223 -834 814 393 869 390 391 24 937 -717 -272 -864 -375 
-710 -606 882 -795 476 -602 116 600 228 -920 -524 -604 729 -121 269 302 990 -772 90 238 371 -444 310 -778 -443 7 189 -326 74 -299 -292 -598 -746 16 -539 -214 529 
311 877 603 -667 -270 902 747 216 -438 -504 935 -502 602 930 -998 -826 553 -796 -632 -487 123 417 -720 -84 264 418 407 913 -701 -316 -890 279 626 -125 653 -665 -203 
462 979 -535 -513 810 790 113 440 536 -466 -325 117 -216 -113 -40 -465 -603 -920 381 -379 193 120 658 495 -576 -550 132 -196 182 -286 864 398 -368 499 13 368 -665 
-100 363 570 -592 -759 -54 720 225 70 347 817 -816 -4 -810 829 582 -676 875 555 216 -356 563 113 671 -313 -756 -321 -409 614 138 -465 329 197 -919 -807 -575 341 
-24 -992 -159 804 947 -502 -263 -755 255 -404 -603 617 543 -388 318 -760 -336 -431 506 -154 931 208 238 -986 607 -499 197 -25 886 -798 1 169 558 151 259 976 -603 
342 -541 469 -655 15 -230 85 151 862 -77 -241 -343 -786 825 -153 239 976 -128 687 -725 -608 606 -750 -147 325 669 252 178 -756 -192 806 -990 -505 928 -991 -84 -531 
423 -537 -227 937 705 -952 -927 614 -710 -407 466 -506 537 235 -824 270 401 -910 -233 -416 -315 721 917 -553 963 83 944 -927 -265 -594 -280 -154 62 72 12 -496 -282 
-341 129 395 348 -618 896 685 -12 587 -946 82 912 484 766 -117 -640 -567 -680 176 -616 -974 -984 -293 -535 18 -57 126 35 770 -727 928 285 653 348 945 -665 -466 
51 -51 380 17 -844 -593 775 882 205 18 -928 -147 523 -212 179 -844 -11 243 663 899 452 -926 701 722 -612 -148 -292 731 -669 381 -834 583 -653 120 481 -266 220 
-353 212 750 369 -702 814 -275 -241 203 195 440 -950 868 792 755 216 612 311 -907 459 609 -980 -321 -101 -335 -407 -945 820 -723 -584 -429 -768 689 451 -25 462 -457 
-225 -525 -783 52 463 25 -852 465 522 -398 -223 -304 424 -466 -648 -943 348 -880 -625 -107 283 -589 -477 622 778 -648 418 -576 -492 351 565 97 599 420 862 -828 798 
210 -984 -597 -652 -30 -75 931 -58 800 466 -850 -2 404 -630 -322 959 -681 -348 -765 -495 846 -619 -48 947 -795 -656 -173 -205 758 856 -849 503 -131 981 -360 -185 207 
809 -384 -535 -366 427 124 -603 904 -47 812 -455 -228 436 -621 -223 -655 193 251 -197 833 -574 -335 593 16 -875 421 631 952 270 665 553 -220 627 88 407 -883 -854 
680 -542 870 -150 697 270 497 -268 883 496 53 938 -671 84 -502 466 272 -725 359 157 10 -840 -120 -278 876 -713 817 -622 608 382 311 -521 458 935 -380 -492 446 
-415 -290 -731 381 969 374 44 577 858 452 923 703 -217 -618 -947 -727 -668 -277 620 -22 113 -884 -620 41 -771 773 901 973 -184 317 812 -646 -844 -981 989 223 -14 
-114 267 -138 -795 228 -90 -174 -438 786 -994 -931 244 409 525 -311 -507 242 132 821 982 -809 -332 940 -393 602 260 133 635 -981 357 988 904 -763 -825 959 434 -364 
-806 771 -749 652 307 -997 692 698 -31 497 166 -237 183 -707 -170 -639 -552 -113 45 -628 378 -903 -511 236 971 -638 -523 -830 571 -381 77 517 874 233 -998 498 -932 
860 95 891 82 -474 -355 262 -470 -778 610 -354 798 391 -16 582 682 534 -308 -290 -943 303 809 708 -654 -281 -513 670 -71 -867 -949 -290 225 -855 478 287 -802 841 
-533 119 -378 361 -523 -809 968 483 -14 621 109 191 -294 771 856 -517 -799 723 784 -992 596 937 -7 220 -166 546 958 623 577 -467 170 78 711 328 820 510 -646 
708 136 -375 -490 -598 -713 759 -776 -840 890 -612 -240 -321 -57 126 -720 -474 606 263 -51 904 -770 -778 -526 722 648 -712 946 154 866 290 117 -319 921 871 -656 -406 
409 -834 704 -809 954 -999 -333 855 13 656 814 -186 -573 613 -766 -639 -572 -236 772 410 411 -662 252 -699 -587 85 -270 -657 985 -627 -484 -951 -119 355 113 674 26 
-405 43 88 -588 -887 -582 -958 208 365 838 -97 -197 163 -425 -369 271 -266 862 -495 735 -885 724 837 -882 -985 828 -316 897 190 -631 -223 -687 857 701 -152 -438 -798 
837 34 915 -143 -856 134 375 -855 427 -393 -508 -423 -353 138 -138 -181 396 -248 396 -249 659 650 -91 -420 -250 420 382 57 -804 -464 -108 -619 -125 -783 486 -272 732 
-281 882 506 996 628 611 -73 558 -912 807 -553 -533 597 -674 -223 -526 -903 527 -150 190 -777 33 -990 -400 -234 -426 356 532 310 -320 714 238 -404 850 -687 148 -571 
505 432 332 840 -79 906 -642 -302 597 675 246 266 -664 487 -708 988 -825 788 507 302 -616 -544 465 -273 415 -624 -580 216 -951 48 -75 994 -580 -877 -891 515 691 
979 80 -399 517 -824 -636 487 -467 94 325 -894 -447 -986 -504 -161 248 752 -785 399 -834 -987 -33 993 -358 -354 429 262 784 668 -491 13 -719 -736 624 365 -232 978 
-569 -350 -254 -837 -214 125 -816 615 -438 917 341 -384 243 -232 -830 -155 -224 154 -711 815 233 916 201 -635 -464 -466 -208 676 -694 -216 369 951 -210 -612 193 232 -448 
164 -212 786 -373 -547 -162 789 302 -255 621 546 -425 789 571 923 176 149 -481 -382 -749 769 583 -734 -646 -787 977 -756 54 -67 -212 -374 -856 50 3 571 51 928 
-162 475 933 789 -310 -907 -802 -271 718 -416 234 -268 20 -931 825 -899 721 -32 233 638 958 862 780 903 -775 -880 -274 599 137 940 288 -164 134 -72 122 -103 666 
-273 577 385 950 -996 -710 453 511 -865 -324 190 397 526 -446 196 -563 -135 917 852 -497 -748 664 31 360 -44 -880 984 763 337 -908 -982 -950 -432 371 -76 -186 -229 
171 739 596 658 397 -217 642 390 608 -712 -808 -580 279 430 554 -116 -390 149 320 340 104 -711 -179 487 994 81 -349 282 -723 -662 -421 355 28 867 372 -210 8 
-626 -2 -403 -221 -82 -410 236 547 470 445 -214 83 486 880 -686 -450 584 -742 -934 198 -696 860 113 -331 -771 797 -72 -321 -506 -406 -752 -849 -591 763 862 896 -148 
-516 836 996 -34 444 -498 122 -512 149 305 161 -821 -263 469 -750 886 15 -247 924 -43 -828 -76 -794 321 -352 336 -837 904 968 -361 87 -650 -670 651 190 113 -4 
980 -137 705 176 -963 806 -514 -847 617 421 462 -776 176 937 122 356 981 925 971 -459 -90 301 691 272 -108 -366 -94 -576 843 89 295 214 -761 869 -698 -762 -956 
473 -274 -536 -955 796 -509 -420 842 -639 229 623 564 -414 845 983 525 204 931 -683 194 -187 -304 -249 543 -193 -949 -580 695 392 -478 -257 793 -460 -489 -158 318 -557 
-680 -204 -662 -653 -751 -424 -648 -79 -768 292 589 709 765 -425 58 383 768 334 871 -248 -816 -930 -87 -861 699 405 341 301 -277 -988 -696 -11 -314 -641 -824 32 -681 
3 -176 -919 -281 -400 100 419 44 -341 -618 -872 310 678 -335 903 701 226 -268 899 574 -322 79 -736 960 461 -58 106 329 -519 -509 -960 -105 -518 -734 392 83 338 
-496 -328 222 -171 406 -349 571 -863 418 -928 -604 -136 598 870 -670 504 426 -799 -288 302 858 -857 207 405 687 838 599 -467 869 -264 302 -661 476 988 -952 -451 -233 
-685 282 -206 106 778 -977 193 -777 31 -172 25 983 -299 501 -887 407 -452 -178 349 588 222 -273 753 238 -833 143 406 -631 -930 -444 277 -954 -859 -704 432 763 805 
-135 563 -616 -362 293 535 907 897 774 -175 21 511 -821 -23 -12 -780 -943 227 -79 987 -667 583 -922 -439 -557 -119 258 958 129 -666 912 -872 -286 616 650 -292 -946 
-324 394 -609 -498 343 -351 671 -873 19 -136 72 545 193 -966 367 10 858 -935 911 808 -104 -819 961 851 521 -354 353 -784 33 142 895 225 990 851 459 -383 923 
-851 -336 -267 -489 -191 -792 309 -424 -622 145 626 -292 -911 -536 449 453 597 -35 220 -981 -674 -421 904 -599 -721 220 -809 -793 793 -114 495 118 -516 41 -546 -121 -109 
-320 -886 -256 16 -353 946 492 -288 666 331 -204 -129 950 -153 476 -135 995 835 -539 -265 995 414 -441 -81 -567 -41 -379 284 -171 -94 -207 -802 135 709 564 -921 -460 
866 962 -902 -652 -837 380 -102 983 125 -699 147 -892 803 -851 -863 484 -950 353 -155 -771 -357 -368 203 355 -129 843 -73 -297 -57 481 70 844 -278 -782 527 -299 393 
