25 147
-637 -199 -871 595 -634 417 -276 709 757 -127 271 104 -610 89 -608 439 70 744 -822 -571 -671 -501 -894 -359 147 -144 532 -573 -516 -425 515 -494 -679 993 402 90 617 910 -655 -829 736 148 -593 -612 444 -771 791 -571 862 -316 998 -921 159 -77 995 688 -251 -416 -549 -933 -941 414 621 85 -846 -722 -434 58 -701 -635 -442 487 258 892 -646 -511 361 -961 951 -648 -65 -518 -35 -651 836 491 -976 173 -612 188 -265 -999 333 458 469 -211 -799 570 380 833 -618 915 452 -303 -310 -929 50 966 -536 -359 78 981 -487 -721 833 -905 -812 -332 279 653 132 463 916 822 697 -520 914 -160 -260 -984 967 948 -269 978 232 -719 -468 871 438 978 425 -712 -961 -22 -161 -901 177 
884 794 904 222 -470 -554 288 631 582 644 -120 752 74 -456 -786 971 -834 826 553 107 12 315 375 380 -404 316 -856 875 514 139 -242 -742 -165 -660 -731 -908 304 940 -563 -784 -796 -736 -504 9 875 -411 -624 -737 -504 -519 -216 828 -852 -364 847 796 -210 -568 -201 101 -163 -555 205 984 191 -295 -985 -751 368 980 -655 -69 92 -22 76 116 12 -417 -494 298 -10 -923 -727 -279 734 338 -910 699 -707 -586 -204 422 -493 785 -441 572 -332 -50 -481 536 933 -726 887 -507 386 -499 726 253 58 748 800 -807 -242 286 499 375 687 527 965 -716 -152 675 648 -489 320 481 -713 517 109 525 -17 241 887 748 756 58 703 872 -688 245 -769 847 -145 -553 74 -795 -693 
-906 223 782 -194 -487 -160 -611 -622 610 136 820 889 -971 -230 281 65 146 744 -900 -312 -974 883 -464 -142 27 -598 -502 713 753 338 938 13 -550 -805 571 152 -892 -565 -972 -525 829 426 525 -268 -697 970 628 145 -924 -70 -332 161 -306 206 471 -170 -423 -342 -548 380 149 420 814 -154 74 432 85 388 638 601 -724 -286 -599 -442 715 -153 638 689 -356 -381 -537 -702 405 46 -855 182 -890 -604 -678 667 513 711 -363 -774 950 766 -829 759 -777 -762 -838 -697 -735 422 -19 19 -227 -741 648 -522 429 -305 -39 -21 484 -312 -704 -686 982 802 818 754 801 -981 719 -339 -378 -109 -278 685 -741 -84 329 -40 187 117 415 -966 -933 643 -244 -469 -61 647 294 -988 -758 
122 429 34 -646 125 -491 -964 -937 -253 463 627 -512 959 -383 382 -637 -648 67 400 565 675 882 -417 92 -27 -186 378 301 -628 434 894 -391 630 317 433 -79 742 106 -309 -200 274 719 -526 475 -449 -939 728 -411 -543 940 818 448 971 -231 -528 -579 -980 679 901 609 317 -943 786 903 -693 691 -704 -796 -817 658 -171 354 -555 -904 460 141 884 -772 -675 -811 -692 -359 -654 -489 -919 283 -198 -254 881 -297 -566 -490 -417 314 807 -657 -15 -169 -353 -909 -969 898 -192 -456 -391 -876 625 187 189 -783 -502 -806 -637 809 980 -604 -165 -96 343 77 362 314 -123 418 891 -826 -104 84 21 601 -953 434 -214 792 -240 -555 658 -399 300 509 -550 -8 -391 -927 -999 -847 -811 
418 -146 35 908 824 194 446 -726 -236 254 -531 217 923 282 988 -85 -23 557 538 -758 -736 7 -610 668 162 189 448 309 -97 652 -534 46 -532 -868 71 -286 104 -651 177 941 252 249 83 -667 131 922 -99 -118 -944 102 -284 990 684 -105 -667 500 -92 -620 -1 714 -206 -941 -685 -610 -187 133 -757 -329 -13 983 642 123 -401 -736 832 -754 -777 300 -716 936 857 -308 -660 -947 -454 -878 540 -145 945 -998 980 83 824 -719 453 80 520 -917 329 -399 489 -594 -487 612 -524 106 550 -113 -396 544 -264 -490 -162 18 745 180 853 13 -12 83 421 315 -7 -387 -776 -61 -910 301 -333 124 131 52 65 574 178 199 467 -57 -366 30 -783 -930 122 -905 445 62 -643 
427 994 37 -673 -849 -701 540 759 -397 791 -144 -948 845 800 796 -635 716 -122 -80 -809 -189 -984 799 -332 389 -926 535 -690 -348 353 -954 -301 -873 849 903 409 648 50 -506 951 575 702 -733 -356 -501 705 -172 755 -497 -525 -289 864 214 399 163 -940 -781 181 806 197 -93 188 262 -997 256 -110 -181 -972 -727 -588 -226 899 416 472 -730 -345 753 -260 -122 -896 494 -741 377 579 -627 972 119 455 731 -347 -392 69 299 460 497 -351 454 898 670 185 -203 271 -744 -100 934 -884 -968 791 -733 347 139 437 809 -570 829 402 207 87 -964 -919 -474 -43 317 759 32 -211 -577 -63 31 -325 -214 -209 -234 -219 -752 727 -544 -164 643 -186 868 -87 -718 -550 369 645 -611 
-838 941 -805 877 705 432 -972 -463 -321 257 -730 -164 436 158 -126 904 -984 -447 -254 410 -268 -241 679 -81 -96 257 485 618 767 474 -929 84 -812 420 -931 42 873 -213 -995 802 -779 -440 120 263 973 -569 -766 -984 -982 121 39 831 32 -303 759 -962 -775 161 550 418 807 -756 -757 970 -941 85 101 -296 -892 481 762 -992 -96 -900 605 -960 -599 265 723 -632 -208 -980 57 -563 197 809 -5 909 574 948 987 -668 -515 -793 173 447 -864 -328 68 315 -1000 709 85 -740 197 53 884 180 -383 -446 -136 -670 -105 326 -99 776 -861 -758 744 365 90 210 423 138 -676 -962 -755 636 -866 -45 642 -472 869 972 663 -97 -898 -881 647 -332 251 -726 -663 455 -216 -695 921 
248 687 -918 -300 850 685 -388 -812 -65 176 121 -211 433 -408 -420 857 81 -236 -362 -557 263 893 -28 -815 -510 563 422 967 255 133 440 627 -342 360 442 557 -7 940 821 851 846 134 -759 -398 688 902 -51 476 -264 164 461 -125 780 299 594 957 -111 -480 -785 -26 -785 -242 304 -542 -523 842 -79 600 -433 -687 52 870 834 888 -689 837 830 -641 412 -675 -509 148 -975 -163 347 -978 -261 508 -263 -814 802 368 206 683 -828 769 -224 -758 477 -162 159 152 52 316 2 164 -806 708 -439 -383 -547 -914 97 449 80 -602 -40 -152 236 847 -253 -73 853 702 -844 332 207 -87 -870 -796 -176 436 766 709 -857 668 235 352 -121 504 595 -226 36 -203 445 -474 -711 
303 255 383 -497 -974 -340 -298 -14 -243 -545 -62 -931 484 671 -908 572 98 -927 -16 -697 -296 715 -581 349 810 -608 -327 326 845 -691 -982 -186 762 481 2 635 303 941 959 265 -7 -567 263 -504 -596 749 -509 153 701 -705 -221 -713 -306 255 322 -191 794 -302 -868 -38 -534 -421 -531 663 -851 -586 954 -144 567 -990 -455 -727 -176 246 841 -856 -355 152 -737 -189 -516 -17 -511 -482 -449 -895 499 -810 161 -117 999 -530 -666 -880 216 435 794 124 -611 -380 -753 226 -413 797 35 -713 115 202 -156 -935 -163 626 220 -731 29 803 -497 -576 973 -302 -335 -355 -618 856 272 -894 817 985 -686 -949 331 697 71 -777 -423 -601 301 -885 695 -266 -740 -409 513 -678 -225 -926 -121 
512 337 961 -38 488 192 376 -800 -416 786 389 -161 769 101 -267 673 -12 -904 -417 598 646 868 379 967 -907 296 -179 -31 -410 200 91 602 70 -774 377 653 -274 29 184 410 889 -519 -239 712 -107 992 -517 83 -229 -806 -229 -464 622 -704 432 -846 -409 -692 -716 -16 -784 -628 247 28 270 -725 200 -595 944 -660 255 -947 925 -385 -391 -565 -41 -886 184 -940 926 -492 -263 480 726 -140 -905 -504 484 856 -629 -826 637 -212 -444 530 417 -870 -514 -359 76 -232 573 470 -949 -105 -554 567 268 42 317 968 -877 950 276 99 -277 769 863 -70 -220 -977 368 527 -15 -15 -718 -624 453 337 701 185 -500 -110 198 -402 81 -446 175 735 -364 -282 -160 -976 274 -215 -975 
595 731 -74 216 350 681 -201 -628 -736 -62 -420 299 -246 -802 -704 -544 -441 797 667 536 -716 -576 -560 -435 81 323 -376 626 249 605 237 -531 121 -408 698 159 664 -67 -387 452 -551 -562 -774 482 -804 -290 -776 356 684 723 674 609 786 906 291 -208 -23 -120 103 180 303 836 -620 456 -982 -664 383 -16 -804 38 -726 717 -770 -229 821 928 -922 573 -159 401 730 -11 -97 480 764 -924 751 915 -185 -621 599 542 -252 -943 -212 58 -210 39 -413 531 -419 -404 11 587 -675 -372 785 454 -315 882 -995 86 765 791 493 -876 -748 218 -537 363 294 405 270 314 -316 -523 -26 165 -537 -684 -728 350 144 -685 -87 237 -936 211 968 -352 -34 826 251 -584 -398 -378 28 
-716 -685 541 213 489 -223 -446 -17 -994 -792 665 -579 10 281 -676 -103 187 495 -59 400 636 825 113 466 232 -771 -270 -226 -243 8 -891 -367 754 449 -255 415 -937 412 84 -807 -944 -340 928 -908 -918 -297 365 690 230 -233 234 -281 -691 889 -548 874 584 -557 879 -882 38 -34 -750 -440 778 -50 -757 -762 -439 -383 -167 -18 -904 358 -387 -500 367 -957 428 -838 -2 440 342 714 -439 38 623 -453 -128 464 -322 743 -246 984 64 -130 507 -324 225 -161 83 -165 -893 -110 799 -743 -739 512 -477 -272 -942 853 -275 -574 -178 587 351 317 458 -872 -836 347 259 -828 -754 894 403 542 736 301 574 -201 -726 -722 -434 78 -735 -312 628 -299 562 -707 -631 921 169 -98 -859 
-89 167 -460 -181 918 139 -178 957 -919 -409 43 -777 -88 -448 261 671 445 957 -266 987 474 719 -165 -163 -722 989 779 173 715 -704 -751 381 -587 764 772 756 -588 -466 -306 -270 -54 -17 255 -893 -765 -622 -38 -675 796 -942 -604 480 -842 727 33 -561 -992 472 -391 -771 -509 707 -709 -496 -135 271 -315 415 87 304 -363 -602 -221 -449 -788 545 615 405 845 -541 -89 -116 199 -693 708 998 110 -720 -752 191 -941 -388 131 -207 -539 832 211 -729 347 -760 -879 875 -486 610 -890 -529 815 -568 -572 -377 -25 132 519 -50 -897 748 701 -136 -42 -940 102 -454 -281 -8 401 166 -342 202 943 269 -55 516 -507 -961 561 -331 -647 502 -905 13 708 4 -28 -168 -472 -616 81 
948 112 -504 681 -776 102 -218 793 -135 -572 901 -551 -97 -863 -370 -242 -481 -79 -295 268 953 -282 978 542 299 977 -456 280 972 -10 -836 -570 731 -133 942 -784 -233 -753 -550 -42 136 239 -883 -570 -172 664 -875 -10 233 342 -197 -481 337 -362 -335 961 -514 -279 -697 -637 -578 -238 -744 400 -177 -394 -76 703 280 408 138 -552 -191 993 845 178 -956 -451 -960 945 731 456 486 809 -702 471 -5 433 -624 -513 -930 478 462 536 195 955 -906 111 -916 330 -166 624 266 -666 -656 98 826 53 -63 -620 -184 470 -620 -496 201 994 -412 182 -532 653 543 -831 939 -371 -143 958 91 897 967 567 381 -100 -52 133 -314 66 -207 961 469 -320 -563 503 -95 -295 466 -307 540 
-270 -850 822 -428 892 338 -839 416 642 -607 403 -175 -5 866 804 928 -430 235 344 -276 -64 -28 696 -521 -901 -974 977 -293 601 439 112 -817 557 683 -898 741 -268 818 -790 -56 -369 -753 83 -969 689 -720 -151 478 628 231 519 -293 -231 345 689 503 -824 678 -707 -378 100 736 -531 -352 888 817 -273 172 875 -166 -459 601 -295 988 -841 -955 182 -21 745 850 888 726 953 -448 -397 437 -455 316 122 690 -879 -591 -832 -7 434 -732 424 677 -616 -87 -670 -232 -995 -363 -560 -62 -890 420 -966 209 -496 -665 187 373 943 296 -918 513 145 638 88 490 141 164 -129 26 30 131 -894 643 -567 -716 443 -232 -169 950 225 -339 -311 521 72 -892 -462 986 -133 -823 257 
-435 -895 -548 -927 -804 614 -534 107 941 -661 188 -850 -218 181 -700 576 27 706 -885 -963 310 -55 896 -213 252 -90 217 489 605 40 -49 -203 192 -149 -498 955 -907 336 -858 -647 319 -601 -572 -174 859 440 -988 784 71 98 767 20 507 -618 644 -105 873 120 492 163 53 825 732 609 129 -583 -844 -891 572 -620 -870 906 901 697 -384 -46 215 906 211 -120 695 870 415 979 -341 807 -280 -660 -278 -918 -493 73 -424 -298 -940 532 652 498 -289 754 465 213 536 -585 494 -695 -994 -288 -793 369 80 496 -696 -807 973 907 838 570 -444 -655 928 -122 743 -753 280 -996 -82 735 811 -771 739 -34 792 28 575 -80 -449 828 121 373 720 -343 489 -53 -828 115 -765 
-861 -163 -724 244 868 864 227 507 -68 -863 -975 619 345 -608 -637 -358 -857 -589 922 -972 -663 11 153 -359 -225 38 145 114 -257 622 -422 115 -142 -190 -813 875 434 99 600 960 -284 -657 595 243 -507 928 -303 -235 966 597 71 -18 246 72 352 575 629 -597 -5 -134 447 750 398 -102 669 -103 794 897 -62 -952 -486 146 -755 -135 -352 32 349 738 -515 838 729 -523 576 941 -851 -6 344 491 192 967 104 338 62 289 -827 -488 693 881 -751 -989 429 -415 -700 209 21 223 -76 -772 -250 -43 445 288 -504 667 54 -926 -802 772 -724 378 -828 989 771 -908 724 358 -960 278 -470 -477 -167 -649 350 510 -135 313 -119 878 356 -717 -466 -722 -243 -701 419 137 -870 
-594 -88 -854 -367 47 -177 121 -753 -84 -560 -758 506 -91 44 -422 -482 689 559 -686 -393 -184 797 604 -495 888 -573 -911 648 -890 -635 298 155 647 968 -806 701 -263 637 -806 914 -503 -45 948 440 893 -429 771 866 -875 -571 -696 683 935 545 -844 351 951 -720 -558 799 822 -593 473 921 670 591 -589 -974 -540 384 -623 -96 360 114 -306 355 886 -111 114 510 766 350 503 -392 711 268 -981 807 -299 -394 875 887 557 575 -146 820 -540 713 -65 -916 -343 47 -280 63 -185 950 -13 517 932 -820 676 277 -926 407 544 578 746 696 -262 523 411 261 103 587 -770 36 -108 -568 -388 -48 466 -198 246 538 635 -99 376 -831 -470 48 726 -971 748 -69 441 -151 -322 
-73 -721 -630 -55 385 -873 -743 -646 -14 -975 -485 -723 337 -586 -470 236 190 716 285 628 150 434 11 -293 -591 540 -436 -637 927 -467 -742 -793 -829 433 23 985 -483 -73 -512 261 11 451 826 175 935 -432 247 -598 -623 558 -195 -864 -199 81 -142 64 -725 -646 546 -923 422 -429 439 -220 -934 -74 212 -995 401 -250 -864 822 312 586 -525 -440 -763 -860 -598 63 -13 -123 357 805 7 -948 -665 195 106 -524 771 242 -259 469 -631 177 504 454 865 -703 243 283 400 462 -628 464 59 -680 874 -572 -505 83 -607 640 64 -362 -728 -600 -630 -901 368 898 279 801 182 312 762 -580 836 808 -20 221 -238 -553 -519 546 670 704 -840 -685 -810 -202 464 -127 -587 296 -153 
907 24 579 -804 -153 449 -432 -83 71 -490 609 59 -47 -753 -692 331 -68 -294 -298 -81 -748 82 -112 -741 638 -953 82 -575 816 -95 -442 -89 -591 174 182 -353 149 -312 3 -244 -512 -340 -229 -308 -996 894 -977 69 -625 453 388 -973 -18 -91 -306 405 981 944 -610 -820 23 764 -547 -969 -604 504 -950 -395 451 661 641 161 -723 215 -433 -373 -726 9 -505 -759 223 -432 180 -395 222 -356 449 -181 -252 -509 193 873 177 -920 -853 998 7 615 -427 423 454 -145 -424 312 -165 253 -269 216 -246 352 176 -557 605 -973 -26 727 -385 -44 517 607 324 -96 -476 896 851 675 909 960 510 389 -545 493 512 163 -763 -491 -615 -627 341 490 -249 -135 989 171 -967 652 169 
154 316 861 -615 -305 493 -345 -336 203 525 337 -195 -954 303 -541 -985 -336 959 -799 -877 -775 -137 -902 -847 -31 -960 -273 366 -95 -156 -242 -71 -619 350 -728 -882 62 -363 -28 -278 894 -502 -274 -473 796 -648 165 -911 908 -611 514 614 111 -265 421 901 -74 660 -381 517 -508 -386 910 -334 -934 -684 224 733 -1 560 -146 -973 -496 -455 442 996 660 -64 218 632 -613 571 -218 -644 -355 671 -190 -287 628 102 299 -245 -416 907 -320 -817 -502 394 -709 930 17 723 36 -895 -187 117 87 949 -740 199 193 781 -455 -751 -926 -537 594 543 -587 346 367 -614 -379 -82 954 -523 -980 -537 867 -440 189 -55 -551 -516 435 -181 -239 -380 573 102 143 52 102 -555 -494 558 -867 
101 646 -115 -775 54 617 -13 11 -254 -851 599 -812 822 842 -781 -558 -902 -587 457 -423 142 877 989 -766 366 28 -632 243 -830 248 926 724 62 -873 -790 -536 -322 384 712 -188 422 389 917 -223 717 -29 -216 -846 879 273 946 -106 -633 553 -879 74 820 217 -68 -131 530 -416 611 497 327 -49 -171 -846 633 -98 -296 426 -889 967 -664 -8 238 532 925 318 -247 511 486 727 835 624 -565 876 -620 378 498 398 -320 439 247 -590 933 -746 680 -645 -149 -555 107 -497 176 839 -251 608 -741 33 -603 -362 899 -711 160 992 -781 -145 484 89 808 342 570 106 779 -92 836 916 -669 77 610 168 355 267 504 86 798 612 606 -588 -583 -80 -25 305 324 51 308 
-388 135 -272 -298 15 -167 -732 830 -704 172 200 806 21 653 -246 404 0 -31 -489 826 -546 -592 -680 -429 103 501 466 -265 11 662 819 -294 103 171 -247 -854 -743 7 -934 -274 303 -691 255 415 -773 -375 -369 -721 -702 -548 120 -534 -545 -832 -330 -706 -593 -313 869 -835 -172 395 -780 -498 807 255 67 209 -392 -217 952 362 -828 880 -908 124 -133 -1000 365 230 376 -66 -252 635 180 460 -856 -736 -268 -705 -415 965 976 -145 -786 -232 -192 -950 71 -935 87 -26 -6 -168 456 -44 86 -40 212 -889 758 -449 -762 131 388 534 -825 24 -385 -879 -278 -632 -191 611 339 -684 -529 979 -211 481 -37 -88 -184 -457 -945 970 -910 -330 -127 685 633 -881 471 -808 148 573 -519 
477 -116 -696 -796 813 -500 224 918 -123 -377 -445 13 -198 448 483 11 36 -972 657 -932 910 -686 -782 -512 823 -836 -495 -699 744 -966 66 -493 598 -375 732 921 629 901 109 -327 -505 -906 -695 856 -938 665 -511 -219 217 -648 -488 -256 -367 -473 -948 398 915 -461 -510 890 391 634 -611 93 193 451 48 -464 584 442 -85 -754 647 -585 285 -150 426 -380 566 -621 440 877 -407 -226 -86 -738 902 187 867 409 644 -224 -68 436 -610 -884 -684 97 265 -741 -970 266 203 390 692 3 -4 -838 931 323 -638 -168 -774 409 404 982 -438 -6 -878 398 -883 268 643 136 -351 631 183 -934 662 -981 599 -93 -927 835 -849 -720 -665 617 -556 696 -17 286 -107 -715 664 445 -888 
-281 -340 -72 -297 710 -88 397 -977 221 434 -447 -875 981 -929 -601 -437 902 -534 -118 -185 179 -801 817 680 -337 368 -706 107 915 568 660 -209 -543 -477 150 -47 833 956 -90 25 -389 6 -537 40 413 -648 -525 51 -523 -721 -379 -146 -225 -816 -405 -534 -978 -720 -519 -719 -442 -494 488 -491 -448 618 73 -792 -452 863 115 -337 913 91 -788 -290 -43 -616 427 -934 911 680 -988 -481 -662 814 295 -408 -5 -874 -232 -52 468 647 343 -324 356 246 662 223 669 -445 -665 860 -796 346 -149 -823 892 463 -539 -891 -993 -710 -518 -237 -319 -797 -910 977 -390 84 -265 -674 -514 -377 508 -734 766 990 -555 489 -652 531 480 161 958 -178 -140 967 464 289 -587 345 -144 114 198 
