93 112
-867 417 -636 1000 -712 -477 442 686 -226 570 869 -583 866 -185 -360 967 -371 -729 -198 -690 382 927 -1 -167 871 -801 -81 -403 -635 -284 770 -150 -120 100 -466 651 -775 -172 -493 393 530 976 -191 -727 -323 -142 549 -384 115 904 659 -422 -59 -606 -372 819 -894 -801 -920 -743 9 -205 510 -114 -138 14 -578 861 750 -362 -162 -506 577 -49 813 176 931 -862 149 -332 821 221 456 605 -683 616 -787 -794 -734 90 -262 689 -241 895 -368 809 -329 -491 -184 58 -355 896 -275 635 -948 -988 -449 -814 806 867 324 -762 
665 771 999 -874 -687 -795 -747 -659 649 280 915 -772 -438 163 451 -910 57 -926 545 -415 599 145 -383 518 -659 233 -722 -639 -626 -768 -965 -485 -752 -521 491 738 13 119 -935 -666 -561 -718 703 -130 -588 -207 576 115 613 821 -864 917 301 968 -67 -914 -344 591 951 726 -38 -757 -414 37 316 737 -95 -264 422 -414 -115 554 -794 -749 -617 -638 831 -927 -524 571 -961 -840 -659 373 409 333 -955 904 540 -407 883 -882 -700 -233 17 655 949 -82 99 -90 327 526 708 499 -371 -355 702 -537 100 697 358 -874 
319 -96 -219 -130 -208 -744 -36 -577 -791 -264 -370 555 -206 448 373 -653 -132 189 -60 238 764 -273 -872 -87 -330 206 -602 91 210 -121 829 -193 838 -331 -289 -192 -581 -144 83 957 -810 -765 -127 -366 -540 419 698 -449 768 -854 331 509 -370 596 63 665 -660 320 821 -51 853 -221 487 119 -337 -494 143 538 -686 703 142 -230 -224 109 567 -786 -829 645 -658 751 601 -450 461 50 -645 -650 287 -208 -504 -878 62 -72 38 637 531 973 249 -941 609 826 -495 -698 291 -727 75 187 120 -678 -544 9 -791 -997 
-308 -559 -474 506 566 209 387 225 -54 -624 154 -747 916 893 -830 341 -189 760 90 -67 -631 221 -138 -901 -460 -683 -769 188 -153 -597 -880 -497 -879 153 -461 -840 -470 139 661 571 -688 706 -569 -109 93 -896 439 908 534 75 694 -215 -385 -581 65 -349 387 906 670 745 301 907 512 409 61 632 394 279 933 -425 335 -475 -182 -427 -451 157 -111 713 542 612 -525 858 -500 -326 591 947 335 -876 44 -649 138 -363 -397 -527 719 832 496 744 -965 656 -708 -858 71 287 847 -95 647 -862 230 398 862 -293 
-51 526 -551 -649 525 -643 -716 -424 862 -933 756 329 -139 796 665 -900 -525 -743 -610 -388 489 299 611 406 -958 -140 919 -124 -216 -584 -598 691 -582 722 991 -690 -683 -698 -448 -495 158 934 649 663 -671 600 465 149 466 -975 372 864 -922 271 293 609 392 -238 778 -799 482 184 -976 593 942 310 -177 -676 100 73 121 433 -729 648 -317 864 -250 -694 149 504 -80 -908 225 -362 -636 -266 -96 448 -197 59 668 -450 534 237 -887 -337 856 169 722 -62 -261 635 133 -794 329 -349 -483 4 -802 793 -919 -972 
281 735 870 599 94 278 763 -138 284 -559 -316 425 157 581 -844 327 -546 964 38 -830 318 -498 -289 -777 917 -837 417 573 801 444 -956 -242 -418 923 675 208 489 413 -722 -447 -833 -73 881 -550 266 -516 537 698 811 -170 -452 -562 676 974 -672 372 24 -226 -970 -436 735 743 327 960 640 -83 -769 823 67 -808 -931 -271 494 -21 -76 765 -443 913 -851 -364 221 66 67 -730 448 282 899 36 328 313 54 -848 465 169 -714 -108 269 206 253 -771 118 -308 -228 -916 -489 -513 721 -707 358 -887 822 -943 
671 813 -851 -800 634 368 251 960 -997 484 319 -597 472 629 -38 364 -715 193 -850 -232 296 996 -175 688 512 791 -930 251 514 962 -177 -546 -548 -51 -150 196 120 -645 482 -853 -271 114 2 625 426 94 586 422 -979 578 -176 854 69 820 -613 -461 363 -987 675 121 50 8 -430 114 546 -113 19 -200 420 941 975 347 832 -477 963 910 -466 -604 763 -365 -733 86 961 -159 -669 764 263 -422 -280 -683 -825 -49 -644 622 -526 -302 -743 -14 828 -86 -925 272 885 861 -222 900 447 -622 313 -778 -138 263 
-513 136 -215 571 -539 793 236 584 973 -874 100 842 14 644 654 274 516 371 948 -832 894 -96 342 -385 -820 765 13 -757 743 690 638 376 -542 15 577 -5 -315 -509 -777 -720 -521 575 -106 46 -258 247 76 -66 -752 118 275 15 970 -92 768 943 352 -98 407 110 -25 -439 -973 -367 -45 241 -297 -957 123 -31 858 638 443 373 306 731 258 53 -95 5 536 -433 635 828 641 -195 -586 -268 51 -509 624 -995 311 922 -184 403 575 596 250 325 720 -761 -70 759 -237 -540 -646 403 -542 -967 -939 123 
725 -430 585 -136 997 -182 -380 -325 334 -166 963 482 -399 -862 -493 680 147 -409 927 -51 -646 315 -380 988 486 -788 44 -656 -780 -307 967 -166 -513 8 632 95 40 -652 914 -606 -711 545 700 -352 598 872 -415 -417 277 799 700 949 -95 139 -49 564 344 642 -321 872 -178 72 412 -688 -118 42 -57 -430 -79 -797 -344 6 361 -727 547 117 -821 -322 -611 86 458 647 -761 -858 -36 998 -973 628 514 -908 -446 -563 -149 844 703 467 -692 429 -330 -900 523 824 267 587 316 -435 -508 924 -611 853 -251 113 
-147 -847 921 -607 345 -917 -905 869 -82 -941 281 827 279 97 -138 -671 -738 -275 -459 -812 453 -230 613 534 25 53 508 51 868 950 191 -762 -638 -216 737 -279 857 -552 -81 456 774 674 993 156 -288 -865 803 -611 -221 -367 245 -168 -681 370 153 268 443 -264 -278 467 702 -671 -801 710 -743 643 -498 428 454 601 623 429 246 930 132 -36 444 500 -294 509 -231 -728 -904 -221 352 551 928 950 692 74 258 -710 -716 133 -235 -822 239 725 295 -745 -400 992 -639 -341 -141 -512 555 -510 -97 -649 -946 835 
671 -745 -242 -977 319 -185 304 -633 -563 694 -940 918 -463 -286 343 -302 665 320 -306 748 752 509 983 -379 99 334 675 -90 924 -771 -32 638 434 -819 -937 -683 208 -555 -337 96 234 -737 542 -803 -344 638 -26 657 903 -427 665 93 429 45 -170 -370 579 -784 784 -606 975 -454 -320 -48 502 749 -93 751 581 140 -544 132 240 295 -568 -350 627 310 972 -140 931 -232 -837 730 4 13 369 721 -373 -224 -11 -509 809 -355 -901 806 -591 -849 -30 11 936 861 -487 173 259 179 -201 -254 534 -590 -451 700 
-552 10 -484 -756 924 -970 260 -871 726 53 -719 -351 188 -38 578 154 -706 -272 -26 333 -140 548 -203 0 -578 773 240 -317 386 -683 -962 -82 726 16 -734 -782 -896 446 -568 -46 -448 324 512 762 -285 -651 939 208 640 855 825 -224 -524 296 715 665 -99 589 102 297 49 126 -85 -884 -240 -196 879 211 -418 -33 -935 453 -503 767 -638 -264 -967 -716 452 -215 17 375 617 -341 -571 879 -914 -758 -87 48 685 279 -155 -603 365 521 -376 -475 -519 230 -124 698 996 321 18 498 940 -389 -852 -376 -7 -96 
-366 878 818 53 242 -133 -547 -925 -954 -434 811 -378 -20 723 760 -880 -497 -467 825 381 -56 -19 851 -885 -495 922 -511 -359 -436 811 -948 -249 -986 -690 -515 490 -527 -184 -195 732 -447 305 -39 -295 45 -108 -369 -685 994 185 -778 911 -48 -370 22 -706 -415 -840 733 756 -295 134 -651 372 -511 873 478 -791 -756 863 -49 -182 -320 13 714 228 674 651 -328 -812 -489 969 598 246 -347 995 905 889 -873 647 -576 -816 -611 -392 -966 574 250 -622 -442 -544 -53 -15 750 -462 -389 -235 -302 -14 -373 55 -499 187 
316 388 -331 -602 -277 304 -666 957 -958 376 -809 -305 -536 780 884 -873 -698 33 278 -215 695 697 402 346 636 305 -242 880 -304 -432 944 -411 453 -91 627 50 -677 -762 -734 249 89 -348 331 -296 504 935 226 -644 -693 -773 -72 -4 -284 -514 -576 312 -599 -509 -870 -395 -768 -510 -886 -211 -414 660 833 605 277 -75 894 690 -528 113 -403 566 -451 -32 760 -549 599 732 -949 -801 -434 755 422 -805 -203 987 -917 -303 -569 -43 -665 618 819 -380 441 722 -683 15 189 -512 -521 -74 657 -338 460 -827 525 -675 
476 -536 -785 745 289 123 -373 453 -108 562 -559 293 45 -784 -135 701 171 -470 525 -677 -13 -339 579 -970 991 -991 951 636 -973 -768 -690 10 967 -474 336 -699 -206 -281 704 -220 -571 -137 -104 -739 -219 541 785 -831 -469 304 115 900 154 -31 -498 506 389 316 777 170 -776 987 314 484 137 805 -381 -504 -15 571 600 -539 991 661 -523 422 -500 -432 -379 16 504 -50 161 720 423 -342 -63 -321 163 243 589 -146 -965 138 593 -752 -490 -876 763 -330 -220 693 -877 461 -414 779 168 -165 -481 193 516 922 
856 -441 728 -798 -163 -461 41 867 505 382 358 -110 -392 31 -981 421 137 -866 -17 267 567 -432 -231 -661 -33 317 -245 -84 -940 -278 -380 893 -593 -902 -423 -336 423 -804 -973 -47 933 575 900 -380 284 -779 -284 372 -239 595 81 471 -636 746 -771 -715 665 -169 528 -542 326 985 -789 304 101 -310 976 547 424 730 -146 276 -455 -369 -345 237 964 -216 131 525 -124 274 -215 -148 833 156 405 -345 338 -355 -413 -112 648 50 -706 -331 89 959 196 522 -374 -382 -247 -60 -805 966 889 842 -852 40 470 715 
268 173 144 786 -738 -205 -266 -36 -76 -886 152 -361 -203 507 373 -14 -624 -153 -389 -643 70 6 289 -565 894 -426 -106 -310 -645 -588 41 903 -512 -235 586 -519 -682 -997 -1000 495 481 263 176 268 -85 385 -725 -579 -925 443 -240 380 -178 -620 -597 -871 -168 -703 369 -450 -325 567 55 -827 -940 991 36 339 -947 -34 275 -68 968 -301 798 373 370 2 -879 -667 -437 -591 -22 -312 127 615 -15 -365 -745 -616 -607 752 55 -41 359 -243 -943 -605 619 -140 -405 874 627 -276 128 -815 -627 605 187 250 64 982 
405 208 -756 856 150 -786 233 329 -738 84 -901 -952 -22 -337 -825 -292 187 269 -902 187 -135 145 -5 436 388 230 237 437 737 245 913 -175 -407 177 197 737 -395 150 510 139 774 -392 -365 305 533 -362 -831 116 444 142 -677 -48 -281 -867 982 -328 -901 163 -92 -696 -958 -448 695 98 -988 700 405 538 -741 175 -502 963 -300 171 287 731 341 139 731 253 539 755 -121 -65 465 -943 717 968 -651 768 431 497 -648 -857 482 687 730 492 958 -807 -113 -998 -681 49 314 -465 74 772 -814 905 701 -657 
-239 -527 -320 628 453 200 95 -377 -478 41 -369 729 463 -522 746 567 89 -314 -725 623 -489 142 464 727 810 896 -783 -898 -184 868 524 988 -803 340 -378 195 -589 777 -94 623 231 -983 -934 60 665 393 -160 576 -202 311 -4 -21 598 726 -341 441 -443 -826 -558 151 -330 575 -379 667 730 408 -860 -797 -769 419 -111 -914 109 679 -934 -329 266 697 -383 772 392 -65 -808 473 574 239 737 -237 -787 -36 -925 898 508 190 310 -602 -589 -668 595 21 -218 -223 532 312 -564 320 139 310 977 -245 -390 -237 
-781 -513 -304 -833 -907 -561 -531 -99 81 394 733 -308 95 -292 157 -347 -952 -301 492 -981 22 480 -562 -328 -777 459 29 -936 212 -901 846 916 -825 63 -726 -468 -523 841 703 -530 -838 190 -389 26 -483 879 -331 98 -873 -363 484 -706 371 756 -338 -218 -839 842 -414 885 109 529 432 469 554 594 -477 -921 956 686 610 385 563 -443 -544 4 -991 855 -463 -569 -930 -873 -584 192 -285 109 478 973 609 834 -243 -683 393 -990 586 -549 -133 310 170 -700 696 335 854 784 997 435 -760 -838 -768 192 211 23 
816 -173 -346 413 265 905 -143 313 -52 -482 27 12 898 -514 291 357 -542 355 -961 -906 806 -969 -22 643 -255 491 -289 496 159 651 -656 854 958 807 749 -517 467 -56 -355 -328 933 -813 759 -167 818 -584 -742 78 -499 -661 -934 -109 603 608 -918 -644 922 687 -949 -212 -212 -64 699 869 138 -937 -552 728 722 528 249 684 403 -287 300 -251 454 596 -300 -595 593 610 -471 672 -535 227 -464 -374 275 -622 345 414 855 896 -589 927 -604 59 -33 6 68 117 -443 -613 51 50 -460 524 -438 40 63 -166 
-422 612 -598 -288 167 -347 -901 -187 205 997 34 144 -292 482 765 629 170 -996 -917 -465 582 -908 315 -627 -64 985 940 268 -103 427 656 -371 -187 75 -593 672 -882 807 685 341 786 -515 -795 -372 -161 584 914 -734 48 184 857 147 -688 -927 41 -405 385 826 -977 -38 -312 -308 -695 597 -187 -843 -911 283 -841 274 231 -1 408 186 -935 375 745 -211 -180 233 726 78 542 -842 -472 64 -330 749 266 241 -246 567 -978 590 338 -901 916 -936 48 -295 -28 335 -675 -390 13 -928 461 -297 181 296 -893 -2 
478 -967 428 -159 491 508 430 -736 448 -562 -596 -223 645 -559 545 459 -558 -58 758 -92 -560 -740 -120 -851 -796 -646 -656 908 139 819 812 -237 758 -76 -142 645 942 792 -608 -476 -818 -51 -954 923 206 -719 223 -193 -899 -225 58 -984 -786 991 -694 -729 -106 -510 841 955 -213 -74 -162 127 -478 370 317 374 102 520 100 144 935 578 -346 -25 -378 -253 -414 620 555 -103 -559 -970 -624 691 984 -642 453 35 495 987 222 -371 -46 -118 292 -92 -189 41 252 -845 -940 992 934 964 117 928 532 909 -812 -935 
672 258 -624 518 659 549 -295 -383 -101 -397 847 6 -953 635 762 16 967 190 408 640 -287 736 635 180 19 -962 309 576 -868 -540 -659 -316 5 847 231 751 -98 945 734 288 956 -305 -347 -648 -923 -742 -519 -27 -25 206 -178 -804 -981 -597 -750 -563 -524 -965 -237 -595 -900 -244 798 143 -863 755 -833 860 959 -536 551 -929 355 -751 791 -541 -981 -678 -464 17 762 -370 -537 -607 -85 -47 -308 227 -246 67 -803 23 517 -842 -642 770 601 389 70 -883 -436 888 238 395 578 -765 -210 -623 657 483 -750 -427 
874 98 -362 -473 560 397 755 -695 437 48 -793 -960 827 770 493 -837 367 499 171 304 875 662 144 225 -465 -216 -911 -35 768 593 296 -569 922 -910 -965 293 -772 649 991 429 999 827 -189 -717 968 655 -758 146 230 -981 -417 357 -888 184 -108 -409 80 -319 -815 -53 -326 -435 745 -908 -499 455 81 -622 0 -315 132 -846 473 -301 581 -632 -640 -990 -104 365 575 304 743 483 -458 347 962 -849 893 -743 -374 605 508 -112 -431 -390 422 754 766 -413 -832 819 857 920 -841 -989 709 -123 -297 148 748 897 
-521 -900 276 -807 -247 -311 327 -88 -780 390 641 731 746 226 -368 405 -63 -113 -871 -633 -406 977 -790 320 109 160 -411 -620 -211 551 -97 392 776 -816 688 -97 480 -969 422 772 -828 -71 -373 885 702 -635 220 297 453 533 681 861 179 826 676 -885 121 -334 924 -855 -407 -212 -326 447 963 974 -810 -410 -942 -841 62 385 -73 826 884 -502 557 -578 68 498 -665 360 -880 112 732 691 819 350 -855 691 -214 -520 246 -802 -189 811 -925 628 849 -839 197 -843 -516 -421 628 -632 70 872 -358 864 -942 249 
521 -60 -811 -866 -739 -560 -821 239 -949 -257 -630 697 -630 -761 -333 478 398 -484 990 -545 281 882 974 549 833 -434 -769 872 -178 38 -672 -512 -398 -157 203 734 534 -35 904 839 -758 648 352 -444 451 -557 812 49 -141 406 -746 678 -346 636 -552 660 478 -860 -295 -357 416 531 -513 803 657 858 -900 -637 676 -283 203 499 968 -87 703 122 -301 -641 -70 839 486 -379 -858 -958 109 103 -758 0 -825 61 122 -667 -956 -607 577 -747 -896 -421 -688 -178 41 487 -351 103 848 764 830 458 751 810 478 152 
-287 304 -501 -556 -401 23 809 -365 502 155 106 -306 -864 -600 637 -631 372 17 -768 -649 312 578 421 358 -453 659 871 307 -821 944 142 275 613 -555 253 487 -359 -701 -201 -52 -273 304 -594 661 -524 -503 887 -255 750 850 134 -294 342 -730 -844 -411 240 -839 -679 46 787 -457 717 -668 -73 -896 -476 247 895 120 716 -231 -835 847 -435 382 -62 473 -848 -386 451 811 320 413 -95 -589 -882 696 -21 -484 948 -749 -533 -746 656 307 232 -338 65 227 594 -721 -236 -101 -96 992 -24 -106 787 788 239 -610 
325 84 693 460 -355 956 -332 942 -607 -258 -594 -693 471 -538 -394 303 -679 330 457 -940 744 -642 909 -243 -610 563 -278 806 -375 -951 -657 347 474 201 217 -35 -539 -325 477 -689 366 348 248 278 608 844 -779 -144 -89 -526 153 140 949 -177 187 -68 599 -799 631 -523 715 185 -814 25 -77 -13 416 915 -229 -210 -248 -726 734 706 -345 609 30 389 51 824 978 728 374 888 185 714 -569 481 -733 -595 150 715 860 -365 -712 349 278 978 -314 -983 431 452 -548 -491 487 -329 332 -535 -430 -720 261 -997 
-478 390 185 643 49 969 -96 -294 348 -461 -439 -417 -842 -142 -845 -830 258 -360 -362 195 654 960 505 966 659 206 -520 680 -7 467 598 166 476 740 174 -369 992 413 -828 328 898 -190 -983 -997 -359 -15 -915 821 852 18 387 -677 170 594 551 -438 -396 592 -572 -956 -567 184 385 -764 -76 -160 222 -230 -770 -777 -350 30 680 -890 -574 668 294 -257 807 -253 -669 -219 -970 749 -532 -769 381 987 596 -907 -777 918 588 -364 186 257 842 566 85 698 -701 -185 525 845 -272 -552 -793 337 -222 110 -323 503 
-950 -97 927 -45 -950 838 -516 -29 -715 -652 -475 -686 -112 -31 -526 230 184 -493 -440 -878 28 700 275 -723 -676 405 -967 605 545 668 -387 411 540 729 580 -979 -36 214 -130 32 -750 -778 -230 -373 498 610 -900 95 43 652 -643 753 -606 -899 -82 231 866 442 618 -923 831 640 -221 770 748 978 -652 -433 691 -752 347 74 397 -455 -89 -675 82 -582 104 -432 161 -574 351 821 614 -707 478 -201 352 465 836 300 -228 -461 -682 753 -296 -231 856 -99 -688 288 -65 -794 -718 -178 234 554 -885 400 980 444 
-357 958 297 -182 -714 -157 -126 -199 382 153 403 790 625 -139 760 165 -767 -428 -238 -131 -398 492 -707 -951 -199 -452 -937 858 -287 -30 -856 -4 -755 -261 592 -42 355 -413 925 451 -41 518 -331 558 -927 -619 -362 68 454 591 627 56 -178 652 -245 802 -170 571 39 -360 -302 101 -977 864 -870 898 817 640 -426 315 948 811 936 -734 812 -480 954 -327 -853 -345 99 -745 -92 165 -379 912 318 -347 -304 -120 -347 241 951 555 -33 -342 568 -712 -829 -849 -634 -399 -606 387 585 593 914 942 -587 -860 578 16 
-28 354 -267 340 -409 -822 274 925 -925 -325 354 -658 -677 -691 -526 -981 751 566 818 -62 -927 319 875 156 -762 -695 573 -295 955 -77 202 499 18 -422 426 33 239 318 408 849 647 -812 560 71 -543 877 218 -193 917 -397 -462 354 115 -119 282 -236 -144 797 68 836 154 92 381 -211 910 346 106 810 -104 -12 -294 -609 818 -373 27 -359 497 -284 940 -360 635 505 333 -923 -752 -744 232 -73 150 -135 -156 -234 -913 -36 22 521 528 -805 549 813 780 -773 -150 87 -336 187 -828 -143 -955 697 -456 615 
-954 516 819 707 -839 797 159 -493 -985 -472 355 -762 448 310 -138 455 -505 -1000 911 433 -203 426 460 -757 -29 997 -996 159 -696 -356 -696 888 537 -45 -377 -99 60 -29 -270 -131 -153 734 526 913 610 -587 -395 475 -975 -790 -352 -287 -898 -833 633 -927 -869 527 296 755 -667 305 -261 -428 -494 -570 320 1 552 -247 -285 657 736 -167 175 302 467 -270 -655 -965 -426 940 111 805 -631 -114 -11 983 -217 216 544 -780 -875 -604 -444 594 -759 -996 -554 -604 630 -30 770 915 851 -211 490 251 -436 -805 -611 -826 
-997 784 600 943 245 -77 509 55 -191 -251 -61 -165 88 325 -516 809 -303 729 -913 -940 688 864 160 191 -659 970 513 7 802 -916 320 -423 159 741 -952 862 575 594 396 951 -461 -191 -466 -134 545 -975 -709 183 -700 200 233 -779 255 -434 -896 -425 -694 314 -974 -104 -491 907 777 -622 883 337 699 -527 521 -183 -490 -59 -799 -346 63 -770 914 -264 645 549 -66 383 -83 91 -112 0 115 -131 -857 763 631 109 -913 890 -223 802 -796 692 860 236 690 -944 84 740 689 -894 -775 778 286 735 -342 95 
254 347 -178 718 340 326 631 -78 -713 -970 930 639 -446 -27 -15 -440 -811 -220 69 642 -724 406 -232 -267 -981 -642 922 -629 -397 388 92 -934 -659 210 127 769 400 251 590 -157 -548 282 736 269 773 95 -982 667 -487 -552 -117 -464 146 -110 -239 -315 -931 447 521 -622 -209 -184 -319 -220 208 992 -836 -892 321 284 568 -115 308 251 291 585 958 -275 941 -492 -937 -321 137 -14 -853 -148 -36 -981 389 51 -393 872 -960 73 -671 -493 -294 179 450 -755 -897 335 443 -864 793 -645 645 822 166 459 -710 502 
103 581 987 -919 -323 -386 -177 -604 -170 -380 -289 -805 -817 -329 -474 -387 -106 -877 -149 -147 191 -140 -121 358 -708 466 -415 605 -113 -434 574 824 105 268 617 832 839 -895 -107 189 -115 -825 104 -232 204 -242 777 -505 487 -1000 853 636 -721 -169 -256 260 -559 -233 557 476 713 -804 597 -618 40 596 -447 -196 647 -709 298 901 878 -691 -469 -562 -44 264 645 572 439 -425 89 898 -383 480 633 -493 -673 -4 807 -1000 -410 -340 -33 -569 125 725 -649 -885 675 -992 -414 -754 -853 -718 -891 27 235 551 57 -756 
751 529 -143 -685 -582 -982 -411 -761 -649 -822 104 685 553 -61 603 -24 -140 768 152 175 665 -766 59 401 -965 -384 328 40 -989 297 676 941 375 360 -981 107 -269 -314 -874 -403 941 -395 720 580 -533 780 221 -9 787 574 -154 60 856 651 633 -309 -72 -330 -555 899 783 -94 -590 -234 15 -302 -105 -92 -60 -825 -526 -817 433 -338 302 -208 -655 -181 718 -224 -221 -728 -752 551 281 -950 150 138 -648 605 733 623 -459 -266 -557 -724 -565 -37 -546 155 802 -861 -671 243 590 910 211 152 118 -864 -747 -682 
-39 -61 -890 303 -145 -647 -522 -669 715 -332 841 -917 -979 46 -700 -196 -909 263 941 -230 -598 606 -703 545 -262 -378 -458 -132 -244 27 268 252 24 428 658 -846 723 -8 904 -270 -520 794 -298 -935 -722 -453 520 -281 -378 98 -786 -641 -957 -743 -488 -371 307 312 -843 -497 -844 -105 -313 775 200 165 -470 -832 -225 129 -70 805 911 67 981 544 -160 -873 -989 483 -63 439 -368 -58 855 559 721 -918 -844 87 -582 167 865 57 -982 846 780 778 841 -186 -236 772 919 -196 279 591 -692 520 553 999 -290 55 
202 665 385 -768 627 390 -528 -598 -796 -645 58 -82 704 86 -256 -382 -620 -581 827 -96 828 -25 -77 -603 -157 346 -821 700 -550 337 151 -320 -822 306 889 253 586 48 594 281 -683 905 276 649 -61 -173 -65 -366 576 777 -830 -576 691 -22 -669 282 -707 98 -763 -634 -609 -965 -760 -391 530 -520 973 559 -730 -92 598 888 460 176 -609 999 198 -90 -98 18 -950 785 416 432 -426 -429 -380 342 -263 -812 752 984 -128 780 -755 -98 -423 299 982 9 141 -799 -465 681 -580 -261 -725 -903 400 -945 393 -842 
956 -840 860 -622 219 -128 747 456 858 74 334 353 -387 -966 -337 685 -731 -535 -591 800 -320 133 -375 -702 -287 -112 685 -143 538 436 -803 -616 -599 -683 179 -233 525 -265 -685 346 945 757 -929 39 950 -203 -259 -544 -765 -497 -520 800 -968 25 118 -992 319 612 656 -399 -284 859 710 -860 -676 -480 -552 -338 55 -4 -906 336 988 503 -713 -255 638 -345 -224 -432 -110 -258 146 -77 217 445 862 -565 -331 -301 237 -109 719 70 314 -416 -240 -563 494 -765 -116 -786 642 784 886 11 884 448 -776 -68 321 594 
245 408 367 554 -574 -57 -899 -317 -590 985 191 -94 83 761 775 624 -875 -317 -925 -508 -398 654 833 -676 923 490 -470 351 -806 -438 -187 -86 -305 -894 345 262 865 -715 844 -801 -206 -307 -299 641 89 676 422 0 -633 -597 143 -142 651 -870 -409 -405 -408 -845 393 858 120 -269 618 380 13 -723 -105 435 992 61 198 383 267 655 -476 137 615 -251 -94 49 699 899 604 -146 -22 45 -192 225 -293 -64 428 -495 -839 853 497 329 -894 149 -789 -779 -39 -774 -572 513 -617 -154 -512 -967 793 204 -995 704 
864 661 380 630 549 -461 116 720 -606 936 -145 -391 -17 811 437 572 -423 622 933 430 -658 -569 590 -97 -7 974 350 -145 -169 612 -181 797 -370 119 894 -6 -783 671 325 28 214 767 -833 391 -597 257 -405 301 160 678 -773 -17 -273 -133 267 851 965 536 394 275 553 -625 507 297 -887 983 -150 -500 -676 -476 -572 -964 124 -648 508 792 -83 -922 -780 -246 220 853 402 -526 -731 -153 82 -269 -449 -575 -629 330 -746 964 -861 285 113 -583 -805 830 -883 85 -989 312 999 -270 -524 -655 11 -566 126 -380 
-4 3 -655 -353 -19 72 959 -818 -607 -209 948 133 607 -134 -118 -556 -738 610 -153 -278 407 304 312 456 -370 -233 -276 -115 562 -469 -44 833 815 752 -770 761 -443 316 644 311 128 -960 574 64 877 467 -227 -401 -372 155 808 291 -176 -807 340 -462 -190 -406 -392 -989 -826 -893 -253 317 382 390 779 826 737 294 786 -335 -178 671 67 704 -802 962 -860 -289 203 512 -51 279 -486 589 -733 115 302 -619 -29 452 100 -873 885 35 171 703 -305 -632 -792 -642 510 417 915 -820 135 72 -875 698 760 521 
-108 -179 18 -105 657 652 -204 463 434 -586 -432 194 700 708 -515 -952 685 377 276 897 -220 -627 -274 361 -626 986 -177 -88 -324 329 -753 229 -425 -648 -842 -525 -328 -217 -318 -413 816 -764 141 267 -110 383 328 29 839 269 639 -115 735 381 -393 80 0 560 -428 825 667 479 178 838 222 884 31 904 -718 -9 116 -256 433 988 -549 291 704 721 179 -875 -575 -89 -977 -429 488 811 -693 861 -617 -774 387 949 -898 471 873 736 -340 -732 351 -26 766 875 616 708 -622 -320 -939 37 -575 -542 -837 -525 
308 746 -373 965 -742 570 -758 -981 -46 -585 -360 -801 540 -723 -877 -818 437 -706 -886 69 -326 -867 -96 -85 -390 412 -999 366 -943 572 241 980 -163 -14 -396 326 551 400 66 -130 -307 691 -557 -293 -435 283 757 -750 171 749 -690 -615 13 445 -616 -15 -611 904 55 -614 -254 -771 -39 -681 -912 -10 300 -843 421 719 257 -995 -334 -153 564 774 -637 -223 -635 -540 892 -226 979 383 -665 523 -557 -643 -702 -997 -402 -547 380 -510 -622 -733 -292 -970 -331 -224 861 984 -609 356 24 598 857 -513 -305 795 740 -247 
310 -497 -531 143 -460 48 512 -352 337 -481 925 -35 475 -667 -721 70 513 -734 736 -783 -93 -847 766 129 558 -744 290 391 460 928 375 -626 278 -146 -818 907 -784 284 819 192 377 278 793 -817 498 -622 565 401 -672 203 -774 -382 897 941 -994 -872 65 790 -703 -587 -91 566 494 428 109 397 806 -427 353 775 487 -71 -221 314 775 -835 -320 189 -172 675 341 -506 853 608 -550 -535 287 199 -417 -186 -258 916 379 458 442 -211 -804 -658 164 -154 -832 262 -931 -329 283 7 -116 -864 -26 -750 -518 -393 
175 -51 -43 -275 -624 -609 26 518 52 -804 -810 395 -918 -916 456 967 -801 -455 -311 -692 -303 -279 542 -615 560 938 63 -120 987 968 -695 14 147 951 -151 -947 -889 -303 418 -760 472 -349 -705 -193 28 -297 -451 992 -618 705 -913 -55 242 45 629 868 -71 -39 -236 -33 -11 824 912 232 400 215 -541 -494 -108 766 -912 -955 -769 833 -775 -316 -689 -94 -152 -212 -828 -326 -581 976 -128 -165 -675 -197 603 621 746 619 644 -238 952 -841 -204 -982 -119 -218 -931 -984 696 -966 -103 945 933 547 917 201 437 381 
760 -778 694 614 -924 381 -264 79 715 -486 -554 531 -503 735 -214 -846 878 -719 728 220 -875 -187 447 -650 920 683 159 264 377 686 236 -869 947 -755 -412 331 -848 -645 -56 -537 987 896 -625 988 -892 809 300 720 -985 306 815 -371 -344 -80 -417 -435 -246 511 874 880 -450 824 9 -873 232 338 -157 -185 -230 152 -989 214 284 525 -919 -655 -698 426 403 112 883 -553 689 447 771 -478 -688 680 227 -525 163 -386 3 88 -599 453 400 -982 901 601 -196 524 422 219 605 30 -110 409 205 -141 -467 -492 
558 -110 606 776 -254 917 -168 -955 127 -607 -614 591 621 -96 -391 -571 61 -917 -447 -765 -328 -972 339 -381 945 102 -304 -532 396 600 477 -911 -118 -303 289 993 735 -253 563 86 -359 -769 -945 -560 -481 367 228 -998 -870 166 -202 -968 508 -226 76 -701 24 486 126 104 748 -541 68 70 845 -822 -637 857 -650 868 994 -310 -672 -368 136 383 -207 624 -669 -312 -568 -318 663 -443 -846 735 -793 55 77 -296 -862 26 -515 267 -426 268 969 -323 578 -344 -226 364 -392 -570 144 75 958 753 877 590 480 822 
-502 -423 871 -775 -317 -230 908 351 490 -284 -100 618 -860 -705 -270 -948 666 820 335 656 -874 701 -460 21 -419 -494 -374 665 -269 -765 -243 541 -553 -928 137 936 899 378 -67 443 573 -541 -51 32 958 -757 67 257 -280 -474 -618 120 905 688 144 774 929 328 719 473 -76 -849 -303 740 -705 -467 -684 -240 905 -209 -195 -697 275 595 -593 -443 206 -669 -918 -136 374 307 -356 -431 -573 -297 -288 569 472 -671 263 433 -930 -918 385 -929 -365 471 990 140 -862 560 280 174 425 295 217 416 425 -106 451 -113 
-631 381 2 -506 342 943 893 -572 -173 -258 262 -561 -411 -323 747 391 -277 447 -530 -417 -25 -315 102 644 838 34 340 184 672 -462 -301 -270 153 -806 -854 -381 -855 -737 982 9 767 973 -627 767 -645 -47 -966 809 -284 244 985 -84 -257 -823 -922 168 692 65 684 613 -813 681 -73 674 309 750 -153 -586 -934 338 615 233 970 845 -175 617 272 296 -25 -772 -569 -457 400 30 -141 -685 -73 -464 642 -44 609 -682 -502 -887 -541 924 13 729 715 980 -412 753 -901 -1 -544 -275 346 -911 -395 -481 -553 399 
-216 919 835 -471 760 -991 339 -885 -159 649 751 -635 -478 839 -918 498 446 825 -92 565 140 443 741 -746 -833 -589 255 1000 753 587 461 825 33 -378 736 -567 -50 -973 -62 38 549 14 -548 370 233 -318 -786 847 -337 298 -319 794 -884 129 174 -513 -664 -523 299 -145 5 -467 612 -431 668 -475 94 106 -320 -598 -855 -588 713 -458 843 -267 677 -358 398 -568 471 892 -230 68 960 463 67 -947 -476 849 -706 -948 -109 -680 218 -562 -245 553 -340 637 -523 987 977 -128 -643 -282 113 -358 -705 950 -211 -936 
570 334 -161 69 -129 190 -551 530 283 887 482 542 208 403 -73 -838 -29 160 876 668 -405 -990 723 -146 722 -934 485 957 843 951 900 -603 -324 -780 554 -713 94 -652 443 479 794 912 -40 -988 5 384 -517 971 -734 -164 379 -743 -21 191 664 774 200 92 -261 291 598 729 -363 727 625 678 -967 891 -639 -961 535 266 -224 -851 826 -603 512 -399 -710 467 -577 768 163 325 -438 -613 431 545 -49 -693 963 654 -359 264 714 -901 358 -331 -34 -810 -442 64 -449 -48 -536 803 -801 264 -11 -751 157 874 
707 -737 -121 -817 -649 966 108 -533 -199 -932 10 763 -849 -517 670 -54 800 144 912 -790 484 -352 -254 -6 -511 451 810 487 555 -840 673 466 -659 -531 136 672 -997 -256 -6 -446 359 -761 -504 256 328 648 -42 476 -123 950 73 -127 -362 891 629 129 797 122 782 222 -526 -30 -695 -620 428 986 890 -459 930 16 -583 -789 317 111 -769 -159 120 146 51 745 71 -186 253 404 -118 -586 -336 90 -647 -854 115 490 13 972 442 909 -391 -625 -818 -6 515 620 -711 219 -217 -516 88 8 680 -203 899 -74 
797 -700 -701 -16 -721 -380 458 584 481 97 823 539 105 -919 -199 -217 140 -459 -200 -539 657 -793 50 -129 -400 -161 -816 -259 -965 -474 -487 -678 598 -2 -164 -5 -769 -640 921 -692 45 19 -202 -526 887 653 335 -896 -129 784 772 -134 330 810 300 852 -596 -935 -1 -910 -168 -758 -1000 887 840 -754 783 298 -260 581 -339 659 -466 42 -834 -89 -239 -238 784 730 668 969 869 989 945 -421 86 -437 45 -314 -63 86 -203 -291 1 -820 -408 954 976 455 363 318 -890 417 -24 -981 737 353 941 895 -243 -902 
344 768 -87 789 861 -682 -872 788 398 102 -407 -343 -176 -804 -312 254 -597 218 566 107 -46 26 -500 524 816 -551 -925 -958 -148 107 -23 -662 -526 236 394 178 300 -192 -105 -711 -126 -633 -771 -524 -709 -984 162 -590 -198 460 -967 797 -908 -7 358 -220 -557 -49 952 -831 -614 85 -750 179 -820 -473 810 -973 525 111 -475 368 -807 -930 -442 -30 -18 909 -419 -742 666 -88 647 -621 479 562 968 779 642 481 -205 814 -94 323 -301 421 -152 -302 -143 -793 952 22 -621 -634 944 -78 22 -562 -303 -312 233 -787 
-125 446 984 -220 -830 -44 354 -553 -322 -991 -172 843 -814 503 375 505 906 -87 -553 -872 -482 -913 -961 660 78 -673 841 -794 700 -849 943 -573 933 -10 67 663 832 -121 -494 689 520 820 -91 402 -206 959 -839 485 713 -954 926 -591 589 -791 381 -195 277 62 823 389 -738 664 -371 701 915 528 -311 74 -248 -917 -539 -908 205 -148 36 739 420 -854 -711 -733 -106 940 -589 549 -520 533 -494 41 -862 -623 -270 899 -948 -99 -149 961 991 -255 -519 16 -488 -198 529 265 -273 427 -214 916 -56 994 -442 -954 
-643 213 -752 -518 252 -214 156 -281 -959 408 -443 773 -134 -67 933 -787 146 681 402 652 -966 863 -740 820 -994 70 -321 -389 715 -361 334 -226 -87 -951 29 -54 -849 459 734 658 -538 -310 -47 230 -374 -813 -866 600 686 202 389 -287 331 502 471 -764 -37 -645 -311 -32 446 471 426 -744 760 -224 -547 -308 257 -127 -114 -45 -130 194 439 -329 442 570 277 894 -133 -959 -240 534 21 552 232 273 921 782 81 -687 490 629 -253 751 111 690 891 764 -266 -132 910 -653 556 46 858 -760 -129 -656 459 824 
-105 103 908 828 499 646 -511 768 494 -296 -357 885 -976 -500 -454 -99 -305 -644 -249 302 101 -201 466 435 150 84 979 580 -567 -863 766 -666 80 330 689 -531 -317 -481 -728 103 311 44 20 190 -639 337 -337 -880 418 314 -313 -574 -86 213 164 -462 261 561 620 592 -886 -134 -764 733 118 -331 727 -829 183 466 -482 320 -900 445 -607 574 312 -657 20 923 -403 -197 473 270 -402 -758 73 740 -93 -502 466 -953 -364 -515 -894 473 355 507 552 461 651 -240 448 -680 -932 -893 -931 -593 985 471 185 835 
-993 613 875 429 -635 815 803 -944 508 467 -159 581 308 140 -119 -63 -246 -544 707 101 -829 121 -915 -388 -367 -274 -89 782 879 866 -221 -847 636 -33 -146 -426 742 88 -808 1 747 511 -336 -630 -137 706 -962 -556 71 -328 -301 940 375 513 951 429 642 -914 -782 -201 146 47 -80 487 -159 477 -129 -215 973 6 -562 -284 -148 558 501 -720 -208 785 -953 -429 -217 -967 57 325 -537 -959 -513 -26 235 -224 214 -431 828 126 534 613 -51 469 -133 831 -995 -283 -429 186 729 -337 -861 -96 961 -144 911 342 
-395 -687 -638 -110 309 809 329 629 -173 367 781 980 -680 209 -761 934 3 397 -988 132 -685 198 939 130 278 709 390 -130 359 -999 -201 -517 794 -651 -323 -978 -329 -585 743 -928 448 -787 837 768 146 -161 -562 944 252 -530 -220 -957 608 525 709 -657 107 451 -538 -762 678 -596 -927 958 -389 603 -740 -669 -636 -49 -90 738 428 36 -667 583 681 230 -129 -451 -361 862 663 -860 -967 601 851 185 -327 77 -804 -760 -54 275 277 -401 341 -5 425 -558 -975 -119 414 729 690 -663 -615 -686 91 -97 943 -953 
972 -426 -81 990 -928 -946 -839 584 482 705 404 -202 -569 -14 -622 -575 -858 -509 -169 389 -99 -360 847 642 706 282 731 907 -56 -99 -879 -345 -547 842 713 70 -821 -85 560 -419 627 -580 -308 -908 -537 -781 -877 -206 398 163 181 19 -826 -562 718 743 750 -186 408 862 553 -955 -785 690 878 681 -767 510 829 -91 -374 885 854 -614 -293 289 222 875 -162 550 36 467 -94 -280 -820 318 -593 -903 331 365 598 79 -961 438 -12 -247 600 88 -269 983 9 313 -687 -681 -178 -603 447 -895 -500 -57 -157 -809 
-884 927 761 -690 -820 357 421 -603 -679 -669 255 -477 -384 221 -789 -374 568 -618 -752 -80 -623 -477 629 373 629 505 -222 -305 -719 -756 913 -154 76 320 723 897 430 -842 -149 995 -514 124 -257 -90 2 -943 80 -536 -849 -575 -554 858 202 155 687 295 922 786 -784 151 273 417 30 -872 701 -511 -665 594 -406 -353 289 402 133 -408 -592 716 -730 366 929 774 996 -956 -623 -627 -442 465 858 -595 455 155 384 396 493 -590 270 769 91 -613 -815 -666 921 -562 -340 -830 -451 235 364 707 58 -51 -885 -557 
-226 -306 -120 -248 -887 339 957 339 899 631 967 435 302 -375 -183 -316 -334 -24 -963 990 -958 991 856 473 180 46 -384 -474 945 -938 -285 378 -572 -737 -584 -252 57 337 306 683 836 -623 936 -622 219 -894 -938 -484 273 -744 -274 216 -475 311 523 -98 22 -782 581 468 -431 -171 339 -151 18 725 -544 642 -343 2 -375 -149 201 209 667 -733 -207 -254 -448 620 -339 -993 -627 921 -667 289 489 -571 -499 357 -134 -413 661 -870 -643 -137 -282 -364 159 127 -606 344 674 770 931 980 -747 479 -198 -820 -772 -32 
44 -969 -656 490 -424 -429 -194 -870 -316 -569 180 -655 -684 485 -660 385 -606 -203 476 315 -968 411 273 -266 418 261 310 -324 -403 543 -799 555 444 -393 -37 924 636 -78 -630 372 540 180 -384 337 -287 -708 -65 -961 -697 -246 317 619 488 325 -290 497 -740 532 -872 -214 -238 -348 995 901 49 -473 340 -964 45 -622 -672 -544 -341 -846 654 758 -469 983 -257 -866 -552 -640 -505 -853 831 878 -379 147 -196 -547 327 -830 -970 278 695 984 -145 25 -976 231 961 855 -30 -843 -4 -62 325 -7 -46 42 -151 114 
798 -227 632 -731 714 342 -816 849 924 -986 -883 -489 815 749 -463 555 114 729 516 -91 45 -672 636 581 -673 -137 110 -436 -890 -895 -281 454 -722 -521 -373 -834 -232 69 44 -818 438 465 -211 747 -307 -895 -701 -377 526 315 -522 -460 516 -288 -251 -839 -718 509 -674 797 819 146 141 -217 76 -429 -89 853 -313 -805 -799 511 -511 93 228 -143 85 -46 -166 -450 144 -625 744 338 775 95 -807 168 -626 -700 654 -851 -204 33 -731 -261 794 -840 73 402 -370 243 495 -335 880 757 -581 193 53 -42 437 129 
8 957 -302 -295 932 381 595 256 641 622 40 -414 893 16 524 589 -351 351 -51 94 301 -106 687 -399 329 979 -265 -161 -795 -503 -280 -46 319 -966 -788 220 44 -693 505 -7 -639 882 -888 -618 -811 369 -614 886 -11 -326 894 -993 -279 -663 -293 661 -207 -561 -141 137 349 -56 -957 -53 800 -93 458 -821 -795 101 420 -485 -457 209 74 -61 -343 125 -407 434 -349 746 496 227 -346 273 -888 -44 -76 928 -696 -245 -216 -229 278 947 -198 -830 -727 -60 -500 -858 -763 -876 -532 641 787 -232 -65 -282 -592 -443 
537 -639 -551 -722 -104 -487 -543 -210 401 -309 842 -636 -990 -145 958 -391 -600 912 397 -358 -732 456 -832 194 -704 317 423 937 760 -106 513 362 -242 -215 393 -66 -464 504 894 470 314 395 -857 -227 135 -773 840 -744 599 -549 -19 60 -930 -764 638 -779 -623 -389 -868 -128 72 -692 -306 889 -789 385 49 -577 677 420 -401 884 -538 824 -796 512 212 90 -722 640 334 40 531 283 -681 -30 330 -157 643 492 281 917 -650 493 770 -193 -870 -411 -825 396 -122 379 -475 891 296 836 839 -887 914 -866 -300 500 
-38 -569 -4 948 45 -304 -990 973 -383 27 194 365 -915 -586 -546 -437 -524 -833 490 -941 -676 -513 -28 800 42 963 150 940 341 322 -858 -921 -521 880 -498 -384 322 -518 -230 483 241 741 -316 90 808 -936 252 -969 119 -860 -40 -979 -529 -178 110 -318 318 -873 619 -632 969 208 121 -955 806 620 -656 -445 101 -750 -346 -582 786 -641 -997 -148 -685 -264 -948 312 -750 897 315 -901 -101 -394 -619 330 -224 -462 945 844 92 -375 605 68 708 115 -945 988 -15 251 131 824 120 419 -612 773 -815 296 121 -477 
234 312 -177 168 -580 868 108 536 74 -899 169 -448 -33 -858 -90 -912 -453 230 -445 -354 314 -571 -415 -465 -269 -402 -182 -926 958 -238 133 839 899 -389 145 134 -309 -787 618 132 -808 -49 -286 -445 -425 287 403 -416 -807 300 655 594 74 550 -41 -612 681 741 -119 -887 -599 654 663 -919 753 332 113 -402 -352 -78 278 -389 -976 794 -809 52 429 264 588 -659 902 -157 413 -265 226 80 -594 953 200 -472 -836 309 -831 -211 844 -952 -584 608 -631 231 -433 980 13 43 -139 -326 -59 -493 -727 11 870 18 
923 906 -27 -616 346 709 765 -192 439 -968 -702 714 656 773 121 146 312 573 398 391 476 307 220 371 -713 490 -992 -442 -505 896 -662 883 977 884 156 -596 182 957 497 582 358 -218 510 662 879 -227 -589 958 -313 -642 -901 -748 324 300 575 780 237 722 -143 -490 -741 646 -205 934 -434 96 1 621 -222 648 -336 -801 -271 112 -872 -971 534 -910 -79 55 -779 -180 774 93 -665 -240 316 690 -815 -33 -471 -661 -952 -98 -643 748 95 811 -974 -764 181 -806 549 550 -605 824 -590 -364 563 806 359 -594 
851 883 946 268 -167 -644 66 -736 -164 -45 735 -499 -864 173 142 94 260 -989 -747 637 -704 -608 -794 -710 -13 -20 937 267 -965 409 -816 75 750 78 167 998 53 -740 -722 -651 -899 5 -514 -89 910 -777 542 670 -151 -986 123 -811 364 960 -461 -830 640 151 -967 -449 -216 -163 -790 258 345 151 -303 514 -146 310 305 869 -535 275 476 -984 591 190 416 -770 885 -259 404 66 545 375 -351 202 877 -619 -219 -480 717 91 -157 -251 -844 -944 -785 514 -185 671 -973 472 903 -363 459 644 -881 522 -9 -161 
-263 344 192 -723 -733 -485 -877 -868 -215 297 -147 553 36 -299 227 984 -660 -273 262 884 -517 -752 -422 747 -831 -692 81 -768 -167 550 -467 -620 -235 482 -549 -809 -812 -937 -647 -800 -453 531 -676 -674 756 -348 -302 70 187 579 -290 -767 326 58 -843 -505 425 -420 375 -776 -849 -412 -899 126 -991 -257 315 -772 -382 662 -573 -442 -520 -642 939 -636 873 -908 350 -70 -207 -393 -906 -545 791 -263 504 742 -766 944 -524 4 40 -796 -106 -185 -177 -516 -59 649 106 793 -288 -161 327 -277 278 -139 483 -582 -591 -689 
703 139 394 27 816 -193 346 654 447 -697 781 995 465 -667 310 215 534 319 403 -425 717 231 145 83 -332 -382 -129 484 -299 265 345 -925 -364 246 -156 -66 128 41 -570 374 -924 206 818 110 597 -127 -645 -14 39 -274 193 -802 -162 795 -589 87 955 -849 930 93 -391 593 -837 -39 -948 742 -413 921 244 -67 -242 930 838 -102 769 919 -441 -523 758 -253 396 -361 705 401 -361 225 -841 -863 783 -670 -246 -489 -802 355 475 -909 -77 -770 -195 451 195 -134 446 885 76 265 741 -241 908 640 534 -505 
-90 879 534 838 -580 685 48 227 -911 584 676 -320 277 -639 -297 38 -107 422 -748 158 787 563 -126 -257 636 -568 900 449 686 -98 -319 226 893 -893 -510 726 -187 -867 -671 -883 -848 -964 -217 909 139 185 -288 -423 950 394 -295 801 716 292 891 -37 954 439 -717 -903 -33 -844 -579 684 -275 621 679 225 -609 -936 -634 447 958 -487 762 132 -244 416 -761 -556 830 -480 285 697 154 52 -749 591 147 212 -384 -784 850 -754 -703 996 136 572 -551 388 -757 -220 -26 105 891 425 -381 -271 -362 -598 -649 43 
633 -828 -379 -290 348 -145 424 149 -350 948 984 -57 99 913 -237 -403 -287 176 232 -737 728 -924 -922 -703 -865 -733 -1 670 -208 -449 -704 323 326 467 -504 349 560 335 705 -956 -670 535 13 753 570 325 490 -900 -277 -812 -307 612 859 -664 -526 839 165 629 617 122 -268 587 464 546 -175 -146 580 -121 205 642 263 77 2 867 819 -386 960 547 -73 225 797 602 -812 -903 -864 -798 -43 -94 833 -356 -832 -227 83 -51 -514 -835 -622 -581 677 -791 -826 -302 912 171 -926 -936 433 653 -768 -142 253 -179 
-327 599 394 -148 370 -399 455 463 902 -827 789 -910 -203 -877 -8 -496 213 60 380 -121 296 -423 -730 -552 701 -319 -51 -612 526 -891 -341 54 854 307 -895 247 -733 -235 -599 464 -477 -257 -318 887 265 -291 121 16 899 946 -21 -201 -324 -634 955 489 762 -894 -43 482 -236 -241 -943 654 798 629 215 -902 685 33 -797 -452 822 791 479 712 787 -974 -578 -336 -589 -207 -779 335 762 967 -370 -649 -716 274 653 234 -836 -972 225 15 569 -445 -401 -665 3 -841 -472 701 810 -448 199 309 230 -205 110 -892 
-271 -509 -599 615 -124 170 -585 100 -189 270 721 630 742 -308 -500 -651 668 433 -691 645 -979 -322 -896 -835 -691 -25 241 402 -353 934 -187 566 -303 -98 -910 206 -281 -566 786 -932 -539 343 -383 342 630 229 -651 368 470 272 -105 705 202 -855 658 116 730 -118 -985 -154 -791 -874 41 -586 -748 -398 -616 388 -987 498 -179 321 677 638 414 758 -408 85 -572 869 -347 -353 -224 -430 -869 930 -429 -913 -47 -244 567 -506 693 -899 792 296 -3 -21 536 -72 249 940 783 951 -155 -274 -484 673 -23 56 508 -662 
891 -482 100 -129 286 36 354 990 578 379 857 -730 860 -296 -646 -935 660 490 829 -499 -901 608 -112 681 395 366 605 546 483 -699 -809 -282 -246 -433 -924 -838 -805 761 -702 -145 275 843 -33 38 -669 -195 951 337 271 603 -341 198 550 -34 449 968 411 716 840 -418 -728 -937 -421 -165 -488 -235 455 991 -977 124 -707 -10 -463 -582 -911 -402 663 968 -526 165 -442 598 73 224 725 793 277 -835 934 720 43 -468 -61 767 372 -788 -46 -897 887 -25 -878 -693 -767 -395 -594 793 962 786 341 304 -142 -818 
227 -63 -343 -172 -731 939 -189 -299 -546 -398 904 129 -426 518 -821 301 805 -536 188 827 -959 438 673 -868 29 -451 532 -736 -90 -555 206 -511 -697 -598 -690 737 93 930 0 -857 331 643 -485 128 -658 -91 -990 61 505 -128 -824 875 893 160 -746 670 772 -827 -902 636 -1 -58 -418 960 -363 809 297 218 585 -690 -491 953 994 -877 711 437 516 -744 411 -103 969 748 -696 74 567 952 -907 -738 521 215 3 -794 399 256 30 -427 995 -514 -727 -538 -366 -974 -87 336 -629 -654 872 462 -816 86 -408 -322 
-214 -352 -583 609 586 365 -345 385 -690 -476 952 -969 -903 -662 922 -21 236 728 -446 -391 -861 -549 32 -818 -680 142 -983 -193 -833 353 -318 849 -477 210 -826 -892 206 -479 84 498 313 483 751 -469 461 -18 -499 -452 -316 -34 572 432 823 -906 822 -98 463 158 321 407 -118 -267 158 -783 255 788 -964 486 -413 201 -838 118 278 385 612 940 -515 5 -966 515 -158 8 -296 184 -512 -120 101 -958 -264 -479 426 -332 963 -281 3 393 713 -292 -587 -591 92 -497 -821 -865 -790 -443 443 -730 -422 644 -761 258 
-438 943 -949 -927 -298 -157 965 -958 -683 -536 -221 -419 -112 312 951 84 208 -700 968 230 736 -483 -477 444 -756 -799 -178 957 -742 495 -887 -416 -952 -357 -119 -894 79 -240 -17 -451 -577 -298 -285 -460 -416 -749 -577 365 -828 -145 -261 303 18 635 386 -732 -161 206 951 -750 263 -162 -806 -121 -922 -608 179 -863 998 -889 790 -710 -531 255 -626 226 -356 -360 -506 477 400 -277 -390 -482 458 -145 964 460 -509 -467 623 -803 -681 796 -162 -881 205 -796 842 -936 -722 -689 86 -156 409 91 802 36 178 210 -502 750 
-881 -928 -450 -871 811 -461 -373 -752 -149 -356 -728 260 -558 -904 550 -897 2 289 178 136 -465 431 -770 922 -989 -350 -20 -621 -926 674 -370 825 -939 813 -25 912 756 978 -30 -58 503 -818 -632 -196 -116 957 414 840 -443 211 -961 908 314 -501 915 444 -620 242 26 890 -363 -120 -10 -97 845 -115 463 -438 138 456 211 444 -27 -534 -251 -596 898 -752 593 74 -546 -971 -377 351 -846 -522 823 -869 -617 217 -565 657 330 310 -691 982 348 -662 -286 -508 -932 -7 629 -290 264 152 73 -949 -423 -61 516 333 
-654 -932 -48 -360 -75 294 -400 397 521 529 -164 -142 392 605 788 -535 156 -156 699 494 93 -30 914 -276 89 975 996 -538 484 -789 -17 -342 453 -288 88 -25 143 138 734 -89 -842 -275 813 778 -937 336 596 -429 241 811 795 7 993 -433 -200 -11 454 601 872 375 -987 705 949 645 -75 -72 -547 -841 -762 856 493 695 194 -424 562 -969 712 -982 -807 -955 973 -927 853 879 -525 422 -439 455 -450 643 997 -625 -241 -631 455 330 351 -253 853 -63 966 865 -420 289 174 558 -324 -333 212 -352 -456 -142 
429 -771 -685 733 956 767 833 -123 717 -961 -194 -285 741 345 802 -741 360 274 56 -280 685 -813 113 -29 -676 -474 280 243 587 -235 280 309 -672 581 434 137 -331 -844 -144 -599 -468 -198 589 609 -106 -87 72 -178 74 106 891 331 -922 -688 -283 -688 374 -899 206 860 1000 483 6 628 349 -500 -390 510 429 403 454 320 701 712 -571 652 -814 681 463 563 612 763 209 -713 736 576 966 822 -850 781 -968 820 -549 -722 751 -51 -724 435 887 -222 653 985 310 580 373 254 -568 208 696 -975 -115 330 
-588 864 208 -351 330 -671 -852 39 -548 982 916 227 -472 567 867 288 815 84 717 -810 939 443 -616 -285 -472 -929 -656 -952 296 -578 292 46 -689 604 802 -176 38 -767 -32 -771 181 -128 -851 -286 624 854 48 192 -842 -915 -662 -148 551 -439 264 -249 -369 -711 -113 -541 737 80 761 -194 435 -923 419 809 819 -703 -764 498 -832 432 -453 -570 892 -593 -75 783 -535 -289 -978 472 6 961 -982 927 -38 471 -758 -240 291 558 486 -554 51 -568 -789 20 728 -467 -1 938 -92 -129 867 771 -222 -977 677 -10 
128 -53 -892 -545 -681 -602 595 430 -108 775 976 -71 -139 -518 -114 -269 -253 23 861 -903 -50 950 -335 78 402 -316 124 -30 317 447 -70 -632 -228 994 905 567 668 458 116 500 -291 489 399 -56 -12 932 -603 495 433 784 -22 -955 250 985 447 -231 592 -147 -43 720 -571 -41 990 -132 -212 4 -296 874 -667 -822 467 -363 -632 -372 953 -275 748 -129 205 860 -23 -929 698 -59 498 -669 999 -521 -797 -961 395 51 571 474 -262 -168 -848 -976 -352 133 513 -96 -406 429 -73 21 419 5 834 435 531 -620 
-338 845 -167 -990 -479 344 -271 -233 -11 -49 378 -487 -891 251 561 -659 325 592 -949 -578 -898 165 163 -68 231 758 -488 94 -831 997 462 919 -214 -202 -504 -60 -650 -807 302 -7 463 608 -756 836 834 -951 -92 -12 726 96 128 881 573 936 -737 742 -266 731 768 129 -657 -823 72 824 971 367 -432 540 824 423 429 617 -816 -950 501 -125 -667 -658 729 -236 541 14 294 529 38 -875 -302 -403 -610 -236 -440 399 -871 -780 673 -136 -222 713 -234 -344 -258 32 -634 -615 391 129 -575 992 -616 658 -159 990 
-96 -309 729 454 -348 -910 -858 -13 176 -318 765 563 5 221 -51 -762 393 -773 611 -828 -459 626 768 -278 -812 -311 474 799 -463 -884 -458 -360 956 -950 -695 -615 99 -58 -939 -276 223 -660 -40 297 -619 -797 978 -310 -529 341 92 99 -945 -628 -543 413 -755 602 -942 -27 521 -156 517 -815 1 -832 -168 201 -510 212 623 -85 -164 567 38 352 -805 -62 847 -877 -53 -391 -963 -765 852 704 848 1 -668 -339 896 -89 -337 582 658 -191 -16 510 -869 -221 -92 -233 371 -723 482 -201 -206 -573 -517 582 27 -13 
249 -84 357 45 58 -333 495 -413 -471 864 823 -49 -545 793 958 -143 620 -483 467 -579 -133 780 360 380 -263 -545 912 -405 -7 733 -981 666 173 277 381 -847 -787 729 58 -17 425 -97 467 199 -61 -201 -294 -26 111 75 903 720 519 510 770 -142 730 -858 349 -626 -571 464 805 818 -488 980 263 771 -636 22 332 -594 -803 448 661 773 -635 -432 461 -639 142 -450 510 -335 312 648 584 -467 900 759 -660 96 721 715 361 -327 61 315 -18 -88 -679 899 447 248 138 834 900 643 885 837 -267 981 
-793 -469 104 -401 267 218 472 -280 -583 -302 696 -534 369 833 949 -417 584 776 -596 234 -667 -422 -95 -817 454 -280 -234 592 -320 785 961 -647 392 -985 600 319 59 -60 -547 -130 -233 -350 637 -84 -545 134 77 -694 438 721 198 -200 107 -688 135 -661 -151 -513 -443 964 -382 -35 -218 217 981 857 -280 -300 -265 -87 124 -143 -384 778 453 -530 -817 163 663 485 480 -420 105 -486 -562 -315 -792 346 543 -364 512 570 658 28 284 318 652 460 490 -787 916 252 -135 483 59 -715 -564 -536 336 -279 -939 585 
93 599 429 651 79 -65 -937 -978 -77 -920 -292 621 -438 -734 -403 643 -548 76 -950 37 131 143 -751 -537 -798 -29 -612 572 -472 -630 -583 -217 -803 284 -372 -975 386 -944 -668 609 774 691 -398 -355 458 753 -433 464 963 -164 870 -511 943 799 28 -704 234 -1000 -177 -105 153 897 -519 391 -651 230 80 900 -454 799 -356 -286 55 -292 -718 422 -565 120 -447 248 804 750 721 -26 -524 266 -464 557 -594 855 712 -432 -245 -264 2 48 -915 -92 443 -953 309 -722 -419 838 171 36 234 -449 -621 58 -783 776 
