64 23
-80 -585 943 -101 498 -129 -584 -28 -659 278 -912 -184 973 -936 519 442 908 733 -530 661 441 -181 132 
-441 -126 -1000 717 -570 -714 127 907 -135 712 392 -292 598 591 867 399 -270 -101 795 -654 637 -53 974 
-163 -389 353 577 -346 740 824 -29 344 -382 -855 -956 -342 648 34 -690 830 906 550 -893 879 278 -881 
-41 -319 843 -499 186 606 42 -425 -23 279 163 -854 37 -573 926 -607 -725 -839 -78 549 246 -583 -612 
414 -356 -188 345 -638 236 -342 -668 -421 -346 545 -367 301 758 510 855 -959 713 383 426 -165 361 721 
-882 210 -982 128 117 -33 -671 -605 -622 519 715 257 -953 154 366 -437 -375 -246 -484 236 -886 347 686 
146 619 -940 -525 -967 813 -206 87 -191 243 -517 75 316 -958 377 802 -534 238 -680 136 -376 -768 556 
-749 320 970 425 -181 3 -146 147 -393 -456 37 498 -182 818 477 -833 -51 532 -806 294 -810 409 -550 
-245 -954 787 -209 -758 -445 697 -952 -36 -324 -620 854 672 119 311 286 -214 -877 -620 926 -947 350 842 
581 249 -502 158 4 478 734 -258 410 -618 -916 -39 -610 987 -40 486 -698 -93 279 995 -240 -569 -341 
-606 273 889 -297 -389 239 472 76 -17 728 387 -372 157 -493 577 219 518 -690 -525 402 878 386 -331 
849 979 951 62 -201 624 215 -757 578 443 377 784 -693 430 148 -444 -742 -521 -355 -320 336 -658 635 
-309 339 -553 121 -242 -91 143 709 -753 -407 -402 -937 -743 -293 -410 -210 131 249 -188 -108 685 393 847 
863 -219 -105 498 -128 -418 182 -750 722 865 -821 -615 -499 832 -379 -315 -158 373 -513 -29 680 -529 -77 
93 -127 -693 -310 290 -639 -311 911 -312 -951 208 141 -595 -46 111 -740 -500 649 -174 709 772 -4 -757 
-164 -902 -923 -229 855 41 669 9 514 -990 -279 -551 -757 986 339 6 988 486 -34 650 914 599 349 
121 -29 -713 -803 656 930 523 -433 965 -231 -352 194 -612 -134 330 780 -976 -722 746 448 348 -666 -163 
-940 139 757 -694 654 -910 31 -226 -338 88 250 239 859 -150 367 880 900 237 -974 832 275 306 -503 
-475 -916 325 -177 -589 852 -132 153 -29 -245 455 179 -229 -435 -690 499 -677 -333 541 -731 101 788 254 
746 -362 619 979 755 -327 261 404 -673 847 -767 -691 -185 -935 -33 -652 646 -115 -518 635 -148 787 -320 
997 -509 470 -712 -709 -265 870 43 308 253 -997 -233 85 -185 -785 303 -703 -415 110 -556 938 40 555 
103 162 790 177 -998 708 -337 800 965 70 626 -449 -239 -250 -627 -823 162 333 489 610 -693 934 820 
663 911 -955 -628 842 238 -403 793 236 -295 -517 947 -835 226 81 313 -771 306 -328 675 -406 -427 620 
981 -535 632 78 136 816 -803 -264 497 -357 893 970 -574 -635 -201 861 -359 -547 77 619 802 899 -922 
308 -814 953 -993 -764 -753 875 -104 -517 -383 713 485 575 408 -123 203 -483 -149 173 749 -833 -39 -205 
-571 481 -862 -800 406 -314 -708 904 -192 138 266 -328 690 892 421 -287 175 -577 -532 -695 970 732 -217 
845 158 -699 -548 -35 727 -1 528 879 -659 845 600 92 784 -98 425 -319 58 746 731 -94 628 -947 
715 -837 79 -905 408 904 -78 165 -355 -968 344 -863 784 293 -327 725 639 894 -12 -916 -158 140 -398 
-663 -138 285 251 730 993 266 531 252 -826 -942 -751 -621 870 858 917 -967 625 -138 118 568 -152 886 
-979 -959 -808 -98 165 -557 757 -339 -483 77 -924 -889 -774 133 717 699 -357 -950 378 -246 -243 688 -392 
389 -902 161 459 694 -562 700 -771 -831 567 238 -449 -490 -79 -578 -906 536 -791 767 87 -647 -443 -914 
542 -663 -747 300 461 209 -797 815 561 1000 805 859 -678 -70 -59 701 -6 970 63 -223 -753 126 161 
310 -112 733 -622 -969 -688 -942 113 -346 -961 667 764 483 635 200 450 -876 -889 -908 -101 -157 315 -387 
530 796 160 -334 546 379 -957 -407 -767 -100 466 144 -367 -315 -111 355 141 -46 245 -826 -436 153 29 
755 214 589 -262 750 632 648 684 -894 -44 11 990 -316 892 -548 -73 -282 -616 144 -300 -958 598 127 
-65 -274 726 221 647 91 689 -49 531 -131 -437 112 -153 -770 -641 418 894 713 -167 130 628 -139 -274 
965 896 932 41 -344 953 -538 -769 589 384 -623 396 54 310 648 -19 759 122 -553 -750 -997 960 492 
-874 790 987 -302 376 9 177 -413 337 -602 78 -804 50 262 731 -711 -607 493 -893 26 776 798 -610 
-253 -49 941 -618 334 -446 693 820 -349 -670 -224 498 -797 -475 -181 -327 382 -290 509 -8 -290 -727 99 
-859 -423 -502 -94 -345 238 292 24 887 329 687 -278 59 861 729 496 796 -342 292 255 -507 -31 90 
-647 -620 462 -529 728 371 928 546 -612 -742 -269 -771 -829 33 -546 116 -343 -129 -404 682 -569 696 581 
685 275 -178 -63 -769 -754 673 243 -59 -915 317 327 235 -717 -412 417 -474 -539 -49 787 -324 -592 -114 
-840 -509 149 704 -193 -736 460 -201 57 651 906 649 -182 -847 419 497 893 -294 582 582 644 -770 -252 
-672 200 -10 678 -514 642 552 49 -229 -499 528 -245 23 -503 -633 -99 -545 340 559 879 -923 378 434 
-615 -561 -618 722 -982 -278 -621 180 -535 -204 -983 -217 -227 56 521 836 -485 -577 -753 -296 880 -603 -32 
-652 861 -361 -701 54 405 23 -952 695 22 89 390 869 -883 -966 49 -877 174 711 -487 -766 -412 -105 
-389 428 -787 677 933 661 153 -37 -479 679 560 -887 482 203 920 171 5 -560 -109 -974 -390 841 784 
724 -754 507 -257 197 472 -493 -453 138 559 -901 592 -499 370 -266 -943 -144 107 -219 -869 475 -992 -602 
103 238 -263 637 -838 983 -125 536 419 -631 -473 144 -505 251 -731 -383 -537 -315 46 479 878 -983 52 
445 105 -476 -950 557 -731 -219 -817 74 -199 -286 42 -815 -996 -498 159 461 59 413 -474 -749 -562 96 
-405 -882 372 857 381 -925 523 563 -200 756 877 -340 -521 727 444 -181 -836 -824 -562 140 313 392 309 
-676 -619 -695 -964 -510 969 859 175 104 -199 493 886 -744 434 899 590 289 197 387 309 -136 512 -289 
-206 391 37 570 460 -91 -357 -123 247 -412 336 -195 570 -374 -750 470 37 -712 -684 -468 843 -60 487 
512 -505 129 -508 327 415 218 228 -821 -512 760 -937 573 604 -965 124 -81 833 -858 48 -322 -632 709 
-590 -400 107 751 -867 -920 -529 103 592 -812 807 667 654 -699 -964 -284 -924 -518 327 -829 -694 -13 -460 
309 498 832 -794 18 -108 938 609 -908 463 -582 -182 -518 -9 -940 897 -661 897 44 289 389 142 168 
319 545 -27 -405 405 265 455 -909 592 74 933 -822 838 84 -411 -597 -904 928 -568 46 -681 550 -464 
-500 -522 -162 252 -266 -731 -571 839 63 936 -782 441 -204 -395 -830 -6 304 -991 -495 571 -564 -98 -855 
-483 -457 576 -15 545 -666 350 -346 42 143 255 -82 112 -439 395 -48 370 509 -560 169 888 833 -603 
461 -429 -348 -974 994 588 835 -71 -675 6 -727 995 544 902 145 934 688 721 -267 485 -910 -783 -649 
670 860 666 507 57 781 -15 571 -871 -968 -849 -990 -702 -343 703 713 -341 -632 -971 -720 114 -215 953 
748 -851 988 -862 -545 -748 473 600 -39 -307 173 -971 -829 -462 556 760 564 642 483 139 -495 751 -66 
-743 -788 -935 550 952 500 52 934 -406 -330 -28 -114 294 569 841 864 -652 271 997 137 -573 329 -682 
585 700 -606 -93 -740 -473 -434 -387 -457 -20 460 -399 -767 -998 -369 612 393 -836 -403 176 -374 -453 -539 
