155 144
-174 856 -734 -288 536 105 371 -671 -558 -422 -406 391 357 -330 -359 -812 17 39 -457 677 583 626 -818 811 -117 -397 617 -695 3 -865 -161 616 -792 357 -73 811 803 -981 620 767 856 -80 -830 698 -477 -284 20 597 -405 -16 -871 211 -121 -37 -835 -967 138 -297 966 301 770 321 851 -680 291 -3 -959 868 330 -327 -534 736 896 -611 -147 -474 382 793 -111 34 -511 -255 666 -356 730 291 211 32 311 653 446 -557 75 680 -548 -860 -705 -766 -480 574 53 896 283 897 909 -634 7 -592 -626 752 -537 523 -787 -641 133 -255 276 -304 480 -913 12 -274 -557 -563 -764 -720 -715 -309 -956 -309 815 -531 -307 25 -593 -293 -649 714 -627 393 418 -84 429 167 
357 846 339 82 852 976 839 790 320 937 -393 -581 -732 -636 961 930 623 218 -806 218 824 -957 965 242 -861 -910 46 507 -893 134 -179 -329 -253 -761 683 -78 -823 -374 801 -610 783 167 -148 281 480 -430 -653 -752 941 378 198 -812 485 -407 464 157 791 -757 322 -563 950 -228 -340 319 -424 -412 -782 318 -648 -612 201 -102 43 -554 103 -967 174 -263 38 453 -595 -458 -405 994 -998 -452 -596 -173 543 653 -578 461 879 35 -450 12 -336 622 422 971 -297 855 -721 624 -642 742 -731 649 490 -293 -82 -715 316 -877 -902 370 572 -95 873 289 621 382 199 549 -2 -551 -419 -381 239 -190 -734 197 -207 170 -398 -923 -39 834 -22 801 199 757 -144 611 
-399 -549 4 609 710 -916 738 305 880 713 -325 -841 -844 255 237 499 -140 617 -967 220 291 -458 487 75 393 -598 -958 -793 -456 210 869 541 972 136 955 134 43 -854 808 -875 306 687 282 747 800 424 -955 311 749 396 943 -682 -52 923 829 401 552 420 823 -987 -149 916 260 -848 -894 -28 -844 -654 264 -495 -606 953 -490 90 990 -866 -10 -185 -606 824 505 279 786 -181 105 -684 956 -827 827 191 -392 -246 146 -787 -275 -786 97 351 162 159 -996 -49 -202 381 -373 -80 -285 736 198 -58 -271 -599 -431 -86 -290 974 -415 589 110 -337 364 -415 552 591 -149 -927 -931 -205 23 284 -888 442 -514 681 359 802 -936 604 280 -876 7 85 792 -939 
-709 -41 873 -449 -753 -799 -926 691 -876 -801 -386 -224 782 669 -185 -699 -884 -368 598 789 224 111 -58 981 975 967 -77 728 -922 -810 318 -686 14 838 912 28 -56 148 -330 517 891 -790 -588 969 144 -909 -263 -694 337 -256 -152 112 1 -538 -628 -750 856 -663 637 -995 807 391 344 -835 -479 842 245 -825 -456 32 30 502 245 -179 -387 161 115 -531 -788 213 601 -331 378 507 683 638 -770 -756 966 652 -444 249 911 -529 -961 -844 718 -406 -549 249 495 -407 -402 594 916 -545 -698 -621 -826 -735 962 -267 -889 -69 234 275 900 129 909 952 -168 -894 -564 66 -77 103 -874 -178 -373 788 228 456 -306 -174 -926 -746 361 -517 -207 -169 -938 -637 409 -104 
151 -878 548 11 964 -588 774 71 282 123 713 772 -88 -940 312 266 -46 809 322 897 -709 -501 -104 5 -620 275 -753 555 -337 306 905 396 799 822 -415 85 119 -883 -581 182 -720 -421 -911 356 -207 337 735 488 -331 -76 -63 -775 -989 -610 -128 -619 -931 -105 -334 348 518 69 172 946 824 -801 -887 -655 -969 -483 87 -193 347 -305 -221 683 328 -481 128 940 429 -201 -293 -531 -240 -590 210 834 -519 758 393 -394 365 -890 -60 132 80 275 -209 517 -725 705 244 801 -43 512 983 701 -119 355 336 459 -581 72 -362 605 -509 -859 295 -467 -198 920 -533 -77 -715 -875 797 -691 589 853 330 -959 194 -366 -403 374 181 868 250 -200 -383 936 -919 -664 
723 -976 -154 -249 -315 899 -264 -708 -394 696 347 -55 529 -635 -364 686 800 -427 -113 -358 -729 -799 221 448 -917 228 -44 905 339 832 -555 -357 851 323 -19 378 -125 954 -713 -963 -10 161 -330 5 528 741 -229 828 -962 -928 -493 -734 393 -782 64 209 -139 923 415 -970 -4 680 236 736 -778 -50 726 372 -217 -592 -38 272 -145 -35 -986 120 287 878 -367 569 -542 -557 571 -617 -954 -383 285 -548 -523 -820 -233 -464 937 118 -609 817 356 106 -29 721 928 333 -155 -299 228 -355 -773 979 150 553 -936 -740 305 550 10 -905 179 706 27 -541 -655 -208 603 870 324 664 -75 -823 -259 223 -184 886 982 468 -294 -434 -699 96 353 136 356 457 871 344 
481 688 -240 -593 -798 414 -823 -804 -969 -418 -182 263 -553 -723 -612 2 620 -675 588 -297 -458 -308 -982 -678 680 819 446 633 -138 983 -731 -544 950 865 -177 592 229 -821 -653 -523 347 -554 -134 425 -276 -944 521 -476 632 631 -679 353 -41 102 -266 -753 -929 -856 -389 59 571 -616 19 -360 -45 503 973 438 -254 548 -421 725 -11 923 -387 448 -566 -254 -543 -269 -779 -33 -985 614 -493 421 -84 -763 -235 341 -845 -928 14 156 33 106 581 121 976 -448 231 789 -132 622 -186 -462 -9 67 920 -691 -709 268 830 797 -908 725 1000 723 -386 -11 899 70 705 9 -496 170 -405 915 -59 -116 772 555 697 -173 632 27 908 -633 695 -671 775 -871 -343 431 
402 -806 316 757 644 486 499 -48 889 -229 634 -404 -872 656 965 893 446 -743 -184 -243 -229 442 480 533 -915 131 291 52 -752 783 -469 228 -60 394 417 -188 -791 -369 124 459 719 -433 -58 237 -91 -231 788 79 253 687 689 892 884 322 178 841 417 -616 -240 422 384 -809 731 565 399 864 111 709 207 -863 -584 -464 -527 -87 651 364 257 -426 -853 -899 163 -645 -894 -745 -82 -882 -857 -606 921 55 -247 331 691 -103 645 -127 -433 600 506 803 872 392 780 -577 513 235 905 -232 -26 -305 -543 -440 863 -121 596 -600 167 -330 -458 68 23 424 368 -778 -483 -96 307 -403 881 985 -285 932 227 476 280 685 752 682 -365 674 875 -59 731 262 
738 680 28 842 160 214 958 -512 166 -911 115 399 -825 588 -599 566 -711 -489 316 -175 -671 -434 410 -640 -502 -145 -548 -514 -268 519 -451 -359 -474 -211 945 53 139 -658 -348 212 499 -284 429 144 -78 978 -719 -675 101 0 -583 870 336 -936 -42 428 -438 -813 -649 832 459 768 181 982 -201 996 831 -621 -352 954 -806 469 414 -879 490 690 -252 104 246 -766 -639 597 -100 425 558 989 584 -317 -122 452 38 -121 405 -29 432 -591 -362 713 808 -578 -599 129 814 584 953 512 -774 779 248 -413 -399 -266 663 -147 406 620 223 844 -456 996 -426 -106 -597 -42 -373 -423 -156 -561 -68 -407 112 476 981 477 -935 804 -210 -502 755 385 -387 -432 338 490 
39 -151 100 -294 -749 -22 -623 -37 933 858 -622 -777 -667 -530 -461 -534 -959 709 -324 24 616 -388 561 -939 469 736 859 349 680 914 -709 -965 -172 -798 824 414 464 -452 887 911 934 -675 -771 -551 183 -69 28 -397 -920 337 -758 817 415 -16 -435 -510 913 752 -490 602 -118 999 487 -616 -893 155 317 251 186 -89 -447 -502 -440 -112 293 -769 304 611 78 104 -593 370 12 255 970 462 -891 -636 309 578 140 -321 -352 -917 -77 999 -955 984 -742 280 295 -442 -496 334 -142 73 714 -361 -863 -77 -764 -769 306 -373 292 239 -668 949 786 -1 -604 -902 -226 -243 -924 -164 380 -492 -577 312 467 757 -325 -800 -473 786 -683 -975 723 -315 693 -653 890 865 
603 22 40 -551 461 -13 -755 -890 639 172 234 512 -620 85 -349 -205 -625 940 362 -51 -332 585 449 -95 -89 128 719 -955 422 264 621 987 863 -743 -181 24 -326 379 377 -792 55 -820 -785 -224 442 655 -606 -923 -596 630 380 369 -164 -378 -439 -291 -535 -356 -645 306 3 600 -944 145 741 231 345 -385 -214 320 688 -453 485 225 -565 153 -959 194 -660 628 283 266 -916 836 356 -398 -903 991 -922 -416 224 -332 876 -540 910 312 -544 -615 377 -283 -289 -891 668 -726 867 220 -911 -582 -890 181 -135 755 -360 -526 471 -31 -930 -369 523 -763 935 -582 268 -29 553 683 696 -81 110 485 -367 389 -791 -187 783 621 -638 -601 150 734 -164 -102 254 -49 
-178 -497 102 -599 436 385 387 953 471 181 -58 180 46 -825 -700 903 -947 319 -274 -816 745 -15 -226 -317 -390 982 -155 735 -246 306 -518 332 -16 -543 -233 639 258 -113 325 -737 788 262 354 48 371 509 -680 -19 992 562 502 -900 -980 322 -750 687 852 -996 505 170 -354 -23 29 891 -730 242 -878 892 -285 472 31 -774 551 657 -254 -268 -720 613 415 -48 348 839 51 428 1000 62 423 52 -364 -322 797 -707 -984 -364 -615 363 -460 632 -619 349 414 -155 74 -437 -889 -49 -145 -116 288 -190 489 -753 444 -682 -989 311 -370 744 -826 -257 -148 -121 880 277 888 300 -539 -589 93 -159 478 -329 -202 -909 -42 84 585 709 -374 -32 -222 658 -140 -511 
-262 526 -658 566 763 -463 -282 230 2 -889 -247 -195 -947 -984 554 64 609 -60 -241 862 -554 -35 -646 -55 -686 -321 -267 101 310 -149 -800 -110 356 274 -562 -751 522 -59 279 -410 996 493 425 -280 660 856 624 -807 -759 -861 126 -36 -147 454 -671 274 510 156 4 -568 -31 -527 -110 -3 172 -450 -990 -336 14 -945 -633 -907 -382 904 -377 -350 -602 662 327 199 999 849 -583 582 -866 -483 -130 -897 -163 32 -621 -199 527 -48 127 -541 -438 299 334 156 126 -605 -833 884 513 -644 -993 757 -465 -906 -902 -326 -783 201 120 48 -499 -497 -65 -652 -337 -133 -20 -477 106 -384 -745 958 -791 -47 361 -1000 -720 -763 129 -245 -591 -693 -197 311 940 188 371 -957 
-105 961 918 -970 -51 863 248 908 -355 198 628 -933 -59 10 97 45 -778 976 -593 -949 99 -573 -191 460 177 -241 216 386 680 -139 -476 290 825 112 279 -931 -198 68 905 -674 171 663 -166 758 299 -211 927 174 -471 677 961 383 -298 803 676 -760 -184 -613 596 900 850 -907 56 -682 -501 -630 -779 371 -41 -45 -898 -170 -12 547 597 764 -447 -752 -907 -274 -13 -982 -141 -747 559 -425 189 78 811 580 -569 308 -270 -897 565 838 -550 77 -419 -486 191 -667 -50 -509 933 -605 -73 869 -108 712 -633 383 752 -753 934 85 494 37 44 -839 -165 -365 3 844 -530 -782 -954 549 846 -771 -233 -747 -673 -139 -617 -374 -6 527 -680 -417 -495 -340 130 -835 
788 -930 880 -37 -754 -952 -244 -990 -147 349 444 -993 432 -318 -271 -121 236 873 -879 239 459 -638 334 -392 -90 -566 610 -587 -238 -62 549 84 -122 510 -380 778 990 973 81 75 370 274 367 -309 143 -798 665 738 548 -534 -591 -601 997 578 84 -577 -655 27 -851 0 -593 996 -404 950 861 -915 -738 -622 420 338 820 397 -353 436 -288 721 -860 805 947 279 739 -875 -822 -541 -195 -759 -697 799 -233 668 989 -992 373 239 -499 964 863 977 763 324 59 101 225 -969 897 -852 838 88 128 455 56 -995 -750 -630 685 -660 905 -333 231 140 -849 577 -616 -453 453 62 171 -474 712 863 -122 842 -906 392 988 204 342 393 787 -407 991 788 -860 -583 
928 -711 -123 -278 -563 -433 -875 526 -178 875 217 996 791 651 657 59 -210 481 728 963 -82 390 947 821 516 765 -678 -823 769 -771 -117 97 437 -482 -670 -389 475 981 714 955 -165 -400 -752 -934 465 -653 -707 -649 -585 625 769 -717 663 -206 -622 -913 -118 -849 235 -632 -575 486 740 336 -970 947 644 74 -933 -235 352 862 891 -240 -131 206 839 -341 32 203 533 -923 -882 -965 218 397 482 -184 410 -88 563 331 17 -322 893 -447 -565 -308 418 -429 363 -146 -937 685 -799 245 -13 -49 -323 979 961 -216 -780 -732 -968 616 -938 756 -834 167 -748 78 -267 310 -875 110 -888 -434 746 -599 -950 242 -979 44 205 724 -985 -711 -461 622 -893 -250 -969 -799 
-363 -801 904 293 -11 -133 225 297 -770 547 -737 -567 578 415 -795 189 -215 -968 340 -13 -35 977 -552 -697 -308 -375 -862 -424 797 924 585 404 -791 -198 -28 -693 -511 -686 68 914 -593 -283 -424 396 305 -523 759 646 645 -300 -928 523 -677 661 -272 -796 18 856 634 -191 -624 434 500 320 615 405 543 -322 30 -237 -122 -759 675 -912 550 -340 542 -919 57 910 -936 677 -837 371 -927 665 -906 -244 347 -92 790 -615 -733 -97 966 -676 541 -546 933 492 -640 223 947 546 -865 416 15 270 -952 -217 748 874 -24 -39 410 -30 -893 739 -206 152 -967 -912 736 -561 -315 735 -68 -357 -181 828 761 466 970 355 146 712 398 187 331 901 -575 318 -257 -370 
795 435 253 809 574 -639 409 -51 -880 -333 75 -243 -844 -954 233 193 -210 -92 -23 435 780 -781 -146 -145 251 -533 -436 -360 -605 918 634 -929 609 683 -34 -16 108 -61 396 80 -368 112 459 48 568 559 846 630 -227 235 901 846 289 601 -428 -992 514 304 -892 668 -999 -196 868 -5 55 150 176 -757 922 37 491 -504 -399 -942 -544 972 712 180 127 968 921 142 -418 -562 -104 -561 -279 67 -140 989 -505 -1 -486 342 -964 618 564 -759 -143 717 832 438 -801 -721 672 -633 -634 904 -647 -134 6 208 -556 845 20 628 743 471 -564 56 699 536 753 236 836 384 -98 612 -621 68 -545 39 -985 100 248 589 -369 -901 771 -974 -804 64 -701 478 
738 -452 473 -535 -558 -970 384 772 -411 192 861 -174 -122 378 -827 639 -700 -682 -415 719 -101 448 121 419 -265 502 -816 548 -445 983 759 116 391 -178 362 402 -298 -409 569 -823 -6 -641 415 682 -949 -887 359 -241 -767 -555 -356 849 465 431 -239 878 -751 -256 -174 237 -604 -734 379 -349 -255 -516 -267 101 -147 430 -546 757 191 -163 581 -48 928 161 599 295 -911 33 534 6 -720 -377 -835 -593 487 -985 767 26 -210 -707 -848 -684 -821 74 -113 -934 29 53 220 -347 -731 227 -435 -606 -101 970 -582 277 -764 -856 215 -673 73 668 -851 -504 -138 960 -869 372 252 331 -243 600 984 -249 -698 -266 568 931 -646 292 990 -184 590 608 131 553 727 -342 
560 -74 -81 -398 -122 -576 -917 -471 -168 233 -531 388 -579 -972 618 -406 -61 -968 471 750 -85 506 -466 205 -557 -11 653 -538 -452 -404 667 653 987 367 -381 696 -450 639 -204 -724 -461 554 916 976 589 450 238 -228 -923 -722 302 529 798 -175 883 822 -134 330 986 595 -749 -137 -861 -50 384 -439 229 -157 9 -744 -126 518 970 439 656 619 -60 186 802 211 725 837 456 921 921 750 587 -744 866 -469 -463 -865 737 583 536 -467 -999 525 224 296 420 427 554 -846 895 -594 793 602 -574 88 897 -279 628 -50 -206 389 828 463 -661 633 -993 503 -35 -913 606 439 594 789 -352 -79 742 87 -811 605 102 695 -623 -579 374 -689 -430 -415 -533 -408 
-319 6 198 -68 95 -191 581 -304 58 -382 -824 -695 196 -542 849 552 823 529 418 325 270 -590 700 -375 -720 -639 903 -247 195 -122 -875 -582 -992 510 601 42 847 1 616 -515 -881 196 282 107 661 -69 53 -82 78 -198 -417 -964 522 1000 -857 -812 -174 647 78 934 -770 -666 -212 867 411 528 749 810 999 -343 830 848 331 -917 772 348 571 499 305 -892 -54 716 481 -716 118 753 587 -238 875 -205 -763 615 331 574 -522 -378 -533 -187 309 8 -798 776 516 150 430 718 -712 -648 -242 984 214 -464 953 -311 89 -466 -157 -526 -301 -760 -572 73 -296 942 62 634 151 -184 594 -639 482 226 -911 -900 458 338 -797 -122 -277 -725 939 -548 -711 339 
-132 282 -717 939 -444 -871 -326 628 -717 -774 381 700 -641 -441 -203 689 -931 598 -391 900 478 -53 842 -879 381 25 -892 213 974 -53 -208 100 865 -766 507 445 -54 496 -584 -151 420 652 599 213 131 687 660 786 -142 -317 291 -42 321 567 839 -817 273 -830 -995 -594 944 -751 -415 -198 442 -848 -143 172 -83 705 375 -716 63 320 -477 760 -997 605 -193 839 -71 90 910 -329 -329 -603 -353 -152 -863 -987 -977 985 415 746 691 342 -661 623 -107 498 -661 -949 -366 145 -879 -955 -31 -671 646 -859 169 -622 -203 198 -519 801 -971 -885 378 746 610 698 440 546 902 -571 -416 -585 959 -901 -1000 -668 -592 291 -507 -43 481 868 91 149 -695 697 375 464 
-681 -185 -493 -315 -439 -136 -436 -965 379 -17 -474 -413 -163 719 304 721 136 -519 314 988 -397 -273 -705 -748 -564 148 150 390 -770 -187 -941 -344 407 520 -242 244 -24 -725 471 -155 615 -297 570 133 886 -403 -491 720 434 606 -156 -801 -225 -612 -164 -545 -7 939 -964 -883 82 -161 866 849 -709 476 237 -294 -318 -304 121 5 379 755 -683 -983 797 267 -593 -6 -445 85 726 744 -754 -413 -288 864 -521 55 -46 -991 314 831 739 837 -175 -87 -475 -971 609 539 -113 954 712 -204 -408 455 -672 765 963 131 235 153 -829 -239 -128 -144 -348 320 -647 -81 -814 -471 -479 846 969 -411 -284 459 875 -465 170 989 -958 -443 803 -100 666 -585 815 581 825 816 
-719 17 -222 29 298 137 -888 524 462 -69 -176 -183 73 367 212 -898 829 20 -675 589 28 676 924 -365 -635 -719 832 226 706 867 -736 -993 -52 827 -966 67 880 966 -588 500 913 165 750 -519 -83 244 -169 -291 -16 89 307 396 -723 -94 787 808 477 -991 -115 -898 -350 -652 444 661 817 -83 -453 -274 -734 190 -266 61 533 175 -886 849 775 84 50 256 -820 -600 405 192 495 938 -202 832 190 -98 -80 -11 -781 634 504 745 95 -139 644 -773 -962 90 641 -904 -786 -619 -680 458 204 -265 797 561 299 39 -712 769 189 -360 614 -562 -979 -568 283 611 703 -554 640 -474 -590 -90 -232 861 474 913 337 837 149 -421 -353 726 -194 -967 -236 -98 
-618 -748 915 -704 503 -852 -34 -904 913 -891 708 189 -290 303 -976 45 238 -964 571 -613 330 291 92 732 -511 -230 895 -508 -392 73 -100 -786 491 308 -232 -73 -470 -809 -641 188 -438 -35 91 -758 44 204 825 -417 -307 632 -931 -975 673 -765 363 477 408 -966 -48 -376 837 -939 -318 -941 -818 -868 455 -110 -924 -888 946 573 -270 489 -80 855 450 -661 420 -900 -338 539 331 -941 -490 -726 364 617 281 -14 -805 459 -665 16 284 574 -37 -187 271 405 -664 -218 -66 111 -378 -246 759 -862 827 609 -941 923 -315 -122 441 -938 145 598 521 -856 865 -636 694 759 -691 388 837 547 -858 160 -193 -844 101 510 -461 446 -250 603 -484 892 761 139 819 381 
-391 865 -991 889 252 -429 274 637 845 667 96 -603 -741 9 953 -858 -248 134 -732 155 -544 -450 -20 -185 988 -420 342 -205 467 599 -791 804 729 -110 247 -763 452 -749 190 955 -562 -528 11 -201 -783 723 870 -371 -18 -372 856 -685 -696 349 618 87 392 973 17 892 -791 755 613 555 666 -182 -552 321 -663 177 188 582 -795 -134 335 -399 -190 472 -436 -771 893 367 -856 311 722 732 -839 -588 -612 370 -465 -269 265 -830 -360 932 -881 867 -657 -492 -316 532 307 132 -737 -647 155 -10 712 565 888 496 534 -365 -784 -172 -986 56 -697 211 -131 -332 -600 30 -241 722 -611 -246 -954 784 772 -849 -673 560 358 869 -290 -549 436 -58 404 473 457 -173 
384 74 413 -264 -969 -611 -103 -44 981 -341 977 537 289 284 -890 -702 847 -905 -990 613 -251 -671 916 -878 -877 -175 -818 874 -869 -681 496 225 -892 -818 159 -51 711 -300 -87 -864 655 254 -991 -461 -696 13 -293 510 -759 -670 516 -85 -261 -153 -808 413 27 -473 965 -111 -272 297 99 -246 -660 956 -75 -666 -175 -594 411 -867 649 -404 459 854 254 577 439 713 -512 -511 -279 554 892 -252 674 -120 380 600 189 158 -849 -949 989 -248 -989 124 947 -281 702 214 131 47 -469 162 -538 368 -622 759 -139 -456 -836 958 -706 -677 -635 -642 -760 -857 473 272 -24 901 329 -668 -362 -701 -77 804 497 141 -533 203 553 -822 -511 -809 583 -322 659 528 742 -336 
82 55 -17 65 116 -482 -58 80 903 -432 261 -336 231 268 -378 -226 638 748 331 861 71 -833 327 -579 344 -847 754 741 617 847 -778 -841 -675 -798 -24 -293 -451 978 856 959 -415 -876 -475 329 -636 201 -430 -920 -634 852 435 -384 -828 -505 -956 246 -413 -266 771 216 -407 -390 821 92 -540 837 692 247 773 825 -767 797 219 -155 866 610 -294 -904 -350 206 -170 675 121 3 861 -253 319 743 821 206 510 -758 566 -925 542 226 -264 140 21 -199 -590 785 284 129 -856 -987 750 -840 376 440 478 -146 -924 326 -842 211 652 394 905 -346 687 -578 264 720 554 393 917 -249 410 -874 -268 172 718 62 367 904 448 -707 650 -417 -540 -355 393 -741 
830 103 -17 42 -930 -648 -370 393 -384 -185 491 -469 707 -407 930 231 331 -564 565 -902 453 397 160 -466 395 -120 696 285 70 943 -522 104 -229 -293 289 -120 -97 -366 -397 -469 -64 -179 -169 324 -928 -205 399 -387 -307 -66 751 154 836 -319 118 907 784 786 500 462 -22 -544 514 -920 -837 -451 421 -305 -604 -151 593 -999 481 -705 853 -981 -426 -796 342 -924 433 402 -382 -600 282 -420 -857 496 -465 -838 -589 527 -207 -687 407 -54 145 -438 -906 898 -603 -712 -750 714 -237 880 765 988 701 94 -144 761 137 959 -996 451 858 -700 263 707 865 933 -92 905 302 763 -59 -216 -192 -991 594 617 -928 -531 630 -690 960 -81 167 548 -46 -665 275 841 
689 278 924 133 712 -218 289 -724 -35 -464 779 -926 -538 915 323 892 -111 772 238 523 481 -739 -793 90 -15 -881 951 602 59 996 -648 163 119 -307 597 -929 596 708 -708 152 -747 477 -527 -701 375 -578 704 -601 568 267 -214 624 452 -875 -171 -375 654 -907 11 -100 542 188 -103 -648 -601 -772 -333 -313 -922 789 -984 588 275 223 -476 970 -40 428 403 -698 584 795 -611 843 725 201 -365 88 -884 -514 -227 332 474 402 -49 953 -212 568 -554 378 -436 -690 -786 -530 715 -771 985 -380 859 158 -165 -979 908 -8 -580 -483 931 240 -84 -301 878 -710 767 -465 532 175 670 -700 979 -81 -164 -104 902 654 -502 891 137 481 762 -669 -237 -396 -157 423 
-267 985 -824 -283 -304 -23 373 173 -191 -447 -877 -750 313 -311 -714 -150 905 726 -203 179 637 -283 -261 767 -146 -284 732 -578 864 954 -610 -60 549 -618 643 202 208 -133 386 604 -694 -313 -114 -270 253 -85 453 744 212 -17 -854 518 573 -448 -721 836 -332 -595 284 284 695 -874 -958 595 422 -316 480 423 114 964 -882 350 -971 339 349 -985 -412 56 -760 387 -723 -23 77 -502 662 -19 -471 363 728 -344 -170 -190 871 474 772 320 -415 -443 657 993 -40 299 -713 -269 764 735 -379 286 26 -8 602 198 -434 246 381 -979 561 -185 -699 475 348 -761 789 568 789 -835 -875 565 127 367 533 -542 951 -387 -869 -836 -721 -940 -715 -561 -122 -430 895 175 
-285 -165 -44 670 763 -669 -416 -151 413 703 -393 221 45 121 -787 654 -227 669 804 887 -826 746 -239 385 -18 621 176 849 -736 -157 927 -340 -693 -462 607 565 340 463 -370 169 -32 -816 -369 -366 -714 522 -642 557 -193 435 -609 -903 392 541 -927 489 -20 137 -184 -770 300 311 -295 107 -238 -591 -237 -704 44 -401 -527 720 -359 -100 839 -956 -531 -532 -264 249 -128 -500 -722 672 -100 -127 628 -884 852 724 -78 -54 511 847 -107 954 168 -448 530 -329 206 -277 549 880 441 -453 -12 572 237 278 -219 -365 -770 841 833 766 -917 -77 -831 -435 -378 -221 500 -724 -752 917 -59 -406 -991 -730 182 -328 706 -25 -927 302 89 -676 460 -553 -398 115 -858 220 
811 904 -305 152 816 -362 182 -641 861 617 -510 151 -396 -790 -221 349 -71 137 -661 29 -184 -574 791 405 -485 203 -375 -329 390 -319 -265 840 -971 -702 588 -155 -108 -160 -846 -783 747 409 -673 -37 522 -318 -229 490 -634 -874 -605 139 6 523 965 -58 -903 965 792 415 -791 769 738 883 523 -611 -1000 -338 -965 -534 -656 78 648 -302 -32 -677 -784 887 272 -951 579 135 232 -608 269 -262 750 -746 -883 -547 -643 778 151 -768 73 -369 60 502 -270 -611 -438 359 -285 537 6 -52 640 263 -477 551 349 -290 453 -579 783 -903 789 -646 -279 903 -691 800 -548 -619 233 -802 -633 284 673 -39 -488 813 287 -647 162 -842 217 -481 92 722 -835 205 907 490 
46 65 -537 -89 458 96 813 358 -970 552 -493 -335 102 -823 -70 -308 183 545 -978 -893 -534 -256 424 -749 508 -309 886 53 637 -260 404 715 647 -20 212 204 -927 133 935 519 -945 105 -431 389 767 97 731 -652 408 -536 617 -466 -362 455 -772 -857 436 -189 -5 -862 502 -80 -534 -301 -967 570 383 -130 -659 -128 964 299 -905 32 900 -563 488 -749 1 -204 -386 89 -108 433 -968 -805 937 223 724 -746 -626 79 649 -403 130 -586 240 104 930 445 -867 581 767 839 -271 383 291 89 48 459 798 -365 152 500 546 867 -741 -891 -423 640 -316 -37 -585 -146 981 750 -613 -251 877 -246 -774 434 -543 -595 987 -494 -663 651 288 -56 -579 -946 211 -675 
775 973 547 -849 -819 -751 -698 -454 505 -261 -919 -951 890 163 -952 617 -87 529 177 941 183 270 703 -963 -707 -296 508 865 -566 -244 87 -85 34 851 -397 574 -305 -669 430 300 53 927 -685 290 -430 122 -823 778 -420 621 358 326 -161 187 293 455 128 20 -626 -141 -91 -610 834 368 722 517 645 861 -175 803 -412 907 -18 -306 7 -35 861 -723 -615 -331 -578 493 961 117 113 752 66 -175 -847 -811 937 -373 591 660 399 568 364 131 80 690 -291 -631 100 59 230 110 659 -931 -139 283 101 -332 -592 -476 -359 -437 -550 -487 -687 315 821 -460 -421 16 867 710 46 637 -76 395 -56 286 192 640 -496 -26 845 -313 -415 -699 -609 -691 4 322 
-566 846 -296 -988 771 -284 929 -772 987 -368 -485 652 -618 242 144 939 -521 155 707 -883 788 -85 901 -404 -177 227 -258 -979 -714 -480 271 563 590 -602 539 6 -804 3 354 -190 -952 210 368 -167 639 608 -125 854 111 722 -649 -156 901 -461 793 -197 617 -16 798 -351 -455 -216 64 -464 908 342 947 -617 536 -788 64 -878 -818 853 -996 -568 -920 -233 -803 93 -233 -734 491 280 -141 276 860 643 423 -87 251 -289 -339 -470 566 -230 965 -512 196 -67 244 57 442 199 -212 -94 352 825 810 278 -634 -964 -436 -405 -765 574 -68 405 -580 -688 -415 -478 6 -512 362 916 242 -196 -685 -596 -899 -105 410 -227 -267 748 114 -628 165 770 -727 88 -476 -675 
-259 -35 71 621 796 -837 -560 557 -43 586 91 -715 -205 -863 -913 -68 265 -12 -527 475 -272 -43 40 -956 918 714 240 171 280 703 -614 511 -498 -502 938 448 914 751 229 169 -520 895 151 733 119 -186 196 928 746 87 -349 -924 -622 627 -461 625 722 619 585 -535 289 -927 -58 324 -310 -765 871 845 -62 2 127 -834 -643 805 -85 -449 118 435 571 -720 -647 -924 410 226 -304 709 713 -989 -128 -881 394 136 -695 -215 619 708 -150 786 -94 -772 -207 51 856 393 -424 654 -678 -864 148 -702 -863 594 -602 741 -380 544 -488 598 266 -757 267 -431 -462 -688 896 801 -931 -763 -632 -115 708 484 -311 995 627 -551 566 382 -324 178 337 -987 847 909 
991 -316 -15 -87 -256 924 -947 522 -267 -525 -293 -846 -921 -445 -846 -918 -162 132 806 7 730 875 649 8 798 -801 -908 721 -732 19 -479 -344 622 566 322 47 -451 -413 397 -98 -848 533 -853 -114 242 930 -924 -171 -641 395 887 186 639 -32 356 635 85 -202 -358 -271 467 30 -929 -995 998 -356 -625 212 833 -662 -255 965 549 254 299 315 465 505 741 650 -542 -483 834 -958 474 -656 131 250 -943 -467 -202 977 -283 -369 -390 -532 -288 -801 -6 906 -509 743 768 726 -777 -786 -933 -667 210 -570 651 -917 605 -137 355 -381 -613 -250 967 93 30 -861 932 -761 396 595 315 383 -885 -957 -5 -705 194 -503 -507 -648 982 -513 307 -19 -512 -432 -74 42 
310 850 -516 -174 -957 -666 656 -345 739 -295 -289 947 34 426 -194 -404 989 65 -738 667 704 300 10 147 -454 -537 -849 258 945 63 -925 611 565 -821 -208 -203 905 -817 651 192 542 361 -101 849 -206 -185 -581 -956 -399 63 475 522 -717 121 911 522 -925 948 535 635 728 -785 638 -960 -819 631 -195 -52 -772 -626 -210 -478 -838 -480 -853 -929 609 -794 -510 -922 -224 403 -462 111 735 -73 -428 597 -477 951 -654 -684 280 134 -394 656 -932 145 -678 -425 821 -124 -191 154 -285 -984 -321 -726 578 964 270 -852 265 329 -481 357 -390 971 235 600 -462 838 854 527 -107 868 -611 933 -579 727 -436 -347 75 907 317 -734 362 265 -991 -885 -41 -345 525 495 
791 950 352 285 -626 730 -935 -154 -832 902 -38 -911 -933 506 496 28 520 466 983 -745 543 -806 -192 -346 -726 539 -372 -624 -956 -375 -447 -280 -397 -917 296 -631 979 266 724 734 554 -759 101 -521 -93 -997 -466 995 259 260 247 -696 -985 349 -685 627 473 74 189 434 -691 -712 844 -402 -189 -992 625 366 732 -133 -798 -409 167 -135 780 525 420 387 -79 -166 183 -384 -523 340 -999 -878 493 690 224 577 481 444 -57 114 127 -315 -836 -439 142 423 -340 -920 -683 982 -264 -378 471 747 592 -450 -533 807 25 -584 466 -266 -440 178 158 432 -752 -313 -138 -627 -921 943 -895 -382 979 -34 657 -857 -109 204 958 911 -242 -520 368 -458 348 20 -226 -128 
941 -655 120 -971 -138 -765 -637 -869 278 -530 -542 972 271 377 -90 986 165 -523 1 -381 -471 -244 -575 -188 -435 910 998 617 21 -215 418 -881 599 -509 -569 -700 947 -747 303 -40 863 -449 638 300 -484 -272 -879 -687 350 675 185 -54 -846 6 -830 34 125 859 -688 -723 -286 796 266 -466 446 607 -342 -545 816 -214 884 -314 -945 420 -477 990 914 263 264 -28 -941 616 236 742 395 -795 238 -59 -94 -925 -44 833 189 74 290 773 791 -584 997 815 -984 -155 -36 -924 -359 -102 -884 -702 450 -152 -190 744 -229 -886 -536 930 -658 824 -587 -3 -222 -614 -146 -456 -528 -594 508 -58 -303 28 16 235 874 9 -452 185 -429 569 193 135 -716 -178 968 719 
459 -782 86 -857 717 591 -417 -792 -409 268 587 651 915 -112 318 -272 704 855 274 -46 -56 628 457 -503 218 -957 -175 600 -972 38 522 979 163 50 937 932 -215 446 -481 -547 232 -175 -514 637 -356 829 144 -312 557 805 -452 865 -776 536 666 -875 -563 531 565 424 -637 253 898 748 -88 442 305 606 413 -600 -832 -951 -449 258 54 -566 682 946 801 -269 -192 286 648 -463 -221 713 332 871 482 647 674 -47 414 -73 915 769 -984 -146 13 793 -118 743 -118 -665 -72 471 -864 257 -235 -564 -181 -396 896 479 -578 632 131 137 -528 503 -567 431 -648 -239 62 261 -352 384 21 -842 579 -740 -111 962 801 269 618 305 425 -520 -454 431 -36 -189 
996 190 752 526 -219 -710 -255 -568 720 -271 -726 327 528 494 805 920 32 -380 -561 375 170 -740 -273 775 -223 -454 -859 255 117 598 -377 713 347 -760 -429 544 -796 -455 -996 324 -733 -583 525 -103 286 399 -298 -552 638 7 391 -109 492 588 -69 913 -581 -780 -80 -666 284 926 692 527 948 -458 224 -797 793 529 664 591 533 513 642 -838 -82 -391 252 -88 384 910 443 304 -933 -241 -102 427 -232 -802 318 800 585 563 -177 882 -75 -714 -353 974 705 363 979 171 633 907 -337 400 863 -682 386 28 -514 111 -650 994 125 -157 933 -711 -278 -67 -592 -437 228 84 794 997 278 -444 287 763 -585 186 -939 835 -26 347 229 329 592 -84 836 737 
895 217 -260 -238 -893 391 180 -510 642 -732 67 939 -37 326 -247 795 317 105 -200 -450 -516 -747 490 -551 -977 773 -790 747 -955 429 626 -820 -898 627 670 147 570 -715 -325 996 820 539 -688 953 -599 -941 -92 579 88 121 -942 25 -680 302 979 -132 -357 431 -118 -642 -179 -269 796 242 -394 -966 262 -457 -699 -996 -226 -163 -789 667 -87 -452 -800 -651 657 -550 -435 -804 95 -508 609 -7 270 -828 -100 818 -401 -550 -40 -80 0 64 234 974 -605 -626 72 -673 618 830 230 -576 931 -139 -513 -411 -500 -890 -851 91 426 -468 -34 -162 -27 -487 -292 -430 -113 208 -445 455 704 638 -479 -636 925 -642 516 -524 -265 -711 -798 621 -612 -766 70 -437 595 -274 
-576 -197 -477 -816 975 -244 423 -160 396 -469 -910 -349 682 -665 137 383 -505 892 713 502 176 -141 -45 -317 469 915 -401 -104 -939 300 -90 359 926 -375 -390 -880 226 95 232 -191 -131 -843 685 -317 133 -144 -245 -917 -817 -213 908 831 -942 121 719 261 98 -820 857 -206 -944 3 859 903 747 463 218 -493 -45 404 -375 -906 888 309 393 811 -757 -363 154 222 -122 811 -876 -846 228 978 670 -360 979 426 -167 -311 453 -589 -110 693 772 -668 -673 -149 -413 579 -895 -907 -440 -975 -140 112 -39 453 552 114 -918 411 -164 769 -854 46 806 205 203 461 -131 515 1 -526 472 -910 -811 192 -298 -783 -308 933 981 -561 135 884 249 -937 282 -587 -730 892 
924 -333 214 -767 68 473 247 -807 758 826 713 -672 -189 255 30 -457 -762 -175 306 -379 894 -584 -907 -624 544 -25 -178 99 -995 -869 -93 22 928 600 163 542 -513 556 -119 -811 -704 -948 -224 -140 653 32 945 -888 261 904 260 956 -939 90 -161 881 -703 -143 -216 124 -716 -793 51 -848 -222 -338 -104 -495 -403 936 -19 566 -923 -319 -882 614 707 -478 540 -948 401 -64 673 657 752 -480 617 469 355 678 806 -479 561 -533 -220 62 -324 738 436 567 -852 -192 -725 -800 -465 -231 -616 657 705 -22 404 98 -492 882 -454 924 -613 420 -506 -420 818 42 -200 539 8 725 964 -225 198 -136 1000 119 -319 346 235 -989 300 -309 -29 647 -86 -71 -278 968 
85 63 125 202 -539 -282 -774 913 -976 -55 52 -693 934 -640 578 700 448 652 -305 88 715 -287 203 154 531 533 413 -19 771 690 651 803 616 -245 241 49 562 -603 348 618 -314 195 766 116 -829 -357 690 228 805 -194 -658 517 -168 -213 -618 -632 -58 -774 -733 365 -292 -55 695 -273 -554 791 496 -748 697 804 404 131 396 -888 -298 -608 -953 -438 -376 -745 488 377 433 704 804 494 -613 611 821 433 445 -192 167 204 -274 982 686 -142 -770 809 5 -755 -535 -280 -450 -552 -612 594 -367 -731 654 797 -387 85 -323 524 27 -465 380 -198 -695 66 369 896 752 -848 760 -117 -77 -453 -349 -332 725 55 720 -794 -753 -715 53 -410 184 -428 -703 -770 
274 96 376 -771 809 424 508 -96 913 -49 247 -543 -61 241 -444 612 -338 -396 -926 532 582 -87 -904 722 814 -116 -681 -851 959 -336 166 439 -81 522 -978 627 -593 -826 -497 -89 -463 -52 -834 931 352 -961 -685 -991 -216 -110 -263 -202 -416 -964 21 -321 770 818 702 483 503 954 528 -557 687 465 -862 267 -317 -1000 742 28 941 -583 -637 -449 -964 -689 -256 278 85 -285 815 -123 804 230 817 403 -551 509 -262 -458 -96 681 52 -694 960 711 -430 195 -354 -2 -62 558 -475 303 34 -883 331 812 807 -415 -340 -81 -314 -410 -936 -112 145 -259 -591 -678 953 716 762 -612 30 134 361 508 -367 -309 438 896 -86 -848 259 825 50 363 -781 621 620 -142 
20 253 -786 226 49 9 -36 -894 -727 446 -817 134 -534 -87 -866 412 6 -264 870 326 -990 112 470 890 -514 99 315 574 -528 218 859 -700 -815 41 992 -988 -170 -652 19 935 -147 598 -810 976 -139 -966 -99 133 -624 93 -874 58 905 40 -195 -410 166 -611 -764 -530 -517 -534 221 12 788 -33 -37 -944 317 -857 380 181 583 74 -378 47 -675 -346 -926 -332 -393 -339 -464 412 410 974 -364 -857 565 247 700 -532 -234 586 -482 -879 -722 60 -514 -375 -555 359 -584 769 409 696 570 -533 12 926 -20 243 505 387 52 97 -34 766 434 -439 378 892 -47 -125 193 324 280 261 52 994 -457 -803 364 -972 -500 -863 -507 326 -498 -563 -110 -685 795 -869 
-704 863 718 -358 -661 403 -995 229 927 619 4 56 -854 985 53 -921 207 -28 182 -360 -144 -891 980 -38 -358 -783 372 278 172 102 953 -256 -365 373 -942 -842 -354 -329 68 -19 -368 122 -566 916 -988 618 -139 -642 -266 50 782 -654 992 -246 253 -999 -954 -760 -93 -993 34 891 486 762 -981 -320 -313 72 -376 -907 -280 -28 41 926 86 501 -970 423 818 365 -291 62 522 271 -331 -261 336 31 324 -346 -785 179 798 -590 854 233 -312 -890 271 -498 -853 -241 344 568 822 440 -974 57 -794 974 738 -488 880 -930 47 613 445 -895 -724 -461 -192 803 215 487 -615 539 889 495 27 -713 490 -246 -625 -139 -796 -912 -723 -175 -599 -123 -400 649 -128 711 
60 770 -365 890 -738 524 -551 -350 -639 547 -759 -511 77 104 -636 684 -505 -186 -599 -492 69 277 143 -348 -299 -921 654 365 88 -526 -199 -542 -184 -80 -762 444 674 344 -701 -487 954 952 -371 573 914 166 -882 30 826 451 604 -276 -316 901 -891 -523 272 570 -665 915 -577 -307 -231 -528 799 -222 -612 -821 104 -266 -514 -565 -731 454 -716 -696 -622 -811 150 897 811 572 733 47 291 946 743 321 867 -131 901 -366 -752 454 -296 -277 543 343 -825 51 594 -236 -425 -192 463 384 591 979 -666 543 33 897 290 -8 185 -806 94 -690 45 758 -218 -55 -372 -694 444 -573 304 268 -182 14 680 -789 909 625 -212 185 15 -43 -334 -552 708 985 -509 -154 
499 -899 846 337 -807 892 -74 -427 294 -180 -870 542 628 882 -326 820 -438 18 192 -314 -27 668 752 -486 -942 930 -157 49 558 -880 706 -67 -50 -66 -695 380 -903 33 -551 494 994 189 36 200 -488 -836 334 151 -135 -866 -824 458 -714 -606 431 -318 415 671 -617 -996 163 479 657 849 101 -715 -195 -645 923 646 -725 -680 -458 -533 447 -819 609 199 -319 276 13 -372 -980 -662 422 -857 -8 361 -916 -113 -872 -525 936 660 -584 729 495 -32 -265 -831 -369 -796 381 129 583 84 -504 747 988 670 -816 -599 445 -598 950 961 903 -336 525 -434 99 867 -174 625 -148 -741 93 788 -941 -465 -577 -60 -1000 756 -938 -195 671 128 707 -195 -589 -349 757 -142 
580 -724 433 617 -407 -162 966 979 778 -684 310 600 843 616 -674 842 572 -742 973 -233 -506 -84 943 -593 428 811 244 -581 469 -844 -354 991 451 -57 -873 -735 569 22 -99 -672 -890 -612 335 -93 422 -143 826 -59 977 320 764 -775 -921 -400 596 -636 55 587 -811 77 -473 -62 221 335 232 -990 540 -580 -918 -692 183 -999 181 204 -696 -392 -990 933 -996 340 577 130 -117 843 6 362 532 -541 -153 -329 508 195 912 -131 -672 -347 315 -961 -89 177 667 -970 898 804 -422 197 -322 -753 561 -449 147 -487 21 -470 669 708 -26 -994 619 665 31 -979 -417 97 -775 -93 279 -147 -420 -364 422 -746 -305 547 144 -548 -525 -497 149 -677 102 -775 652 -427 
-744 -424 664 -443 -910 -258 -676 -898 672 -371 -166 692 -309 -477 771 666 -797 440 932 -795 475 -924 399 523 423 136 76 467 304 613 350 -131 -799 -511 -710 806 229 219 378 -309 -217 956 924 158 526 -837 -862 -335 601 286 -508 563 312 -764 19 -851 139 250 735 -579 -762 430 229 -4 -259 -798 938 260 155 -603 736 -598 -115 -97 -738 -326 -554 141 -183 -437 -970 364 900 -545 -156 -980 -911 -357 -819 -182 -965 -385 -546 -496 -952 990 213 207 295 854 453 999 -666 -730 535 72 -228 442 742 -972 104 335 980 218 -977 220 -515 -81 -650 -224 899 670 -970 726 833 382 -981 -921 325 -811 -390 -555 -852 99 612 680 394 -181 -486 632 -100 -257 681 301 
57 431 -100 314 724 -90 -565 -37 -861 -545 220 -23 184 356 -174 490 -64 -871 951 598 -82 651 -325 -902 -159 -605 -567 238 765 131 -939 357 -212 -248 -233 936 -139 460 885 366 -814 495 -128 167 -799 961 -920 982 381 743 -998 431 -720 79 699 175 828 660 882 -540 303 504 -371 548 -435 -77 226 794 928 -52 388 692 -757 809 -376 -219 936 -820 -880 -692 922 -367 -40 -61 -113 187 -987 287 386 872 701 32 91 -927 -68 -84 -188 906 -144 -507 -942 -180 566 -893 881 -262 143 -330 -52 -988 299 423 241 -91 644 311 -559 370 505 428 729 637 804 -411 447 -58 -803 791 -619 -727 604 452 882 -954 -851 645 8 883 -571 -429 -543 -206 -850 903 
515 -544 794 -9 -957 684 663 -47 946 461 -727 -766 427 -988 783 493 -615 -420 902 289 -910 88 -739 780 648 412 228 748 -889 862 -22 -475 374 422 -495 -152 -194 524 402 655 -499 461 747 -997 -603 290 48 -527 992 750 -660 29 -631 364 56 -529 -540 -820 -651 903 -451 735 226 -109 529 668 149 711 -252 -296 41 121 -771 -185 -520 -144 -534 613 -773 -689 -312 982 -70 -375 -545 56 836 230 -748 497 -655 -957 29 664 -697 -102 -415 542 150 -301 594 -667 851 628 175 255 981 941 802 -45 726 782 570 -991 -557 -792 -304 768 -221 -866 61 773 -923 543 -201 785 -543 -331 -559 -325 870 -314 -958 308 859 841 946 204 345 -301 301 -660 -846 188 
521 721 -56 -893 -570 815 515 20 153 -525 823 709 -76 -529 580 -641 -1 583 237 400 -193 -180 461 973 753 824 -440 105 150 127 143 520 613 -299 -867 -951 771 881 -8 641 -865 495 430 558 923 675 -992 -651 127 -333 -479 839 -932 333 -661 -142 -747 79 322 348 -313 -86 -852 354 -913 936 -574 -605 686 -859 -500 688 -689 788 -379 259 -660 -607 -574 860 828 628 528 954 500 323 239 553 925 -729 701 832 371 -212 -491 929 895 -493 -347 250 -564 -694 745 -358 -839 -133 68 -771 -999 -582 -311 550 782 34 960 135 394 -556 11 358 -669 828 426 -865 606 -409 -281 892 -240 -862 -354 -133 449 -308 -450 837 -774 839 493 -30 -490 -748 121 250 
269 804 342 940 -470 613 979 988 17 38 -854 -517 714 741 767 912 -962 -657 652 -171 917 -655 -637 418 -946 -644 -214 -424 274 666 607 955 -286 -328 800 -164 713 723 -465 -927 540 547 -938 -355 982 -592 178 -421 941 -126 984 321 281 524 -303 -831 694 820 520 925 671 114 -774 593 196 -518 -604 -355 -571 314 -563 -729 904 116 -602 -752 697 -661 774 106 146 -520 -960 444 957 354 343 494 607 558 -593 629 -507 -549 609 813 -786 188 -586 -632 61 362 -434 269 771 889 235 114 -995 990 -306 -398 238 -683 732 -996 -576 182 196 -12 72 202 232 567 603 559 -6 -797 -437 -694 63 378 862 -521 648 410 -307 -727 -729 214 810 90 -867 -974 
-544 988 -20 109 802 -259 -239 48 601 -365 -806 -83 -393 -500 -378 991 939 286 -721 -639 -879 470 581 80 628 758 -788 985 120 -750 953 -453 918 -630 -630 831 427 -2 203 -505 220 -28 271 -831 -141 -366 165 585 422 -873 572 22 141 -716 -101 235 587 -986 633 271 332 -375 -771 -685 479 -966 -650 351 -424 737 953 -673 -685 34 187 -315 367 564 -768 -251 -208 57 370 -402 416 -34 109 -265 -284 -723 -146 -745 -416 -14 -822 -287 -609 -59 -60 -174 -806 359 198 154 413 -232 -73 -188 -638 -366 -821 942 -412 -112 591 -80 660 -251 -281 -214 -420 -771 -153 -328 272 -15 606 -819 588 -674 -550 903 488 -413 -775 188 -802 -829 934 302 -658 -402 -885 -53 
-526 -205 -684 132 -698 852 -971 -914 513 -485 864 -591 858 -1000 32 759 -926 -660 -151 199 -899 -781 348 -884 -864 -578 289 310 927 189 23 -675 -890 -897 -260 -676 156 299 447 516 899 -396 385 619 278 729 -754 -359 998 346 -194 701 323 -35 699 -451 -298 844 348 -322 249 628 -287 -555 -809 589 899 -829 -129 -746 407 -770 679 131 -596 678 -941 -545 0 444 -48 -952 -311 -509 433 -79 -446 820 -773 858 151 -985 -141 -350 903 -260 -195 -290 677 -729 75 -623 199 -761 725 -629 -989 -635 -99 -553 236 -92 -924 615 -823 135 -890 788 -791 739 588 606 -340 -257 901 -159 679 923 -935 482 871 515 -15 -513 542 -762 861 836 -910 -451 -550 -477 160 739 
679 746 630 500 -857 648 -421 -855 -285 -715 -16 359 387 297 -85 555 -460 414 516 708 -854 805 772 523 -87 -371 968 -208 634 546 137 -937 537 145 803 360 972 188 -485 -211 471 -489 316 440 877 -132 361 555 545 16 253 -699 -248 -206 -402 875 -834 95 -490 -133 250 -685 150 -386 -428 921 744 616 606 899 -916 765 608 -988 -186 689 -936 893 -906 -915 277 233 724 815 339 548 -674 739 129 97 985 433 -555 357 -438 -809 -125 -243 988 228 -776 59 -981 -680 305 38 786 -278 370 911 785 -297 -28 932 -663 -186 923 701 519 -33 -113 -878 -105 -877 -193 -397 730 60 -719 848 176 165 -963 399 -673 524 -774 786 950 338 -972 697 292 -688 
-358 850 527 286 893 596 965 -737 685 -481 282 -30 -384 -254 -526 794 752 -672 -176 -144 -784 -796 -929 95 701 607 65 819 -253 502 -494 -717 248 943 -274 555 936 292 -259 -559 -619 -348 773 330 361 -600 596 692 -971 892 653 -236 -324 244 -63 -660 870 -960 605 796 -806 -59 -844 -141 -570 -491 853 -145 -893 641 -418 535 -61 274 606 -843 -943 219 -980 96 269 -313 -750 825 359 -272 -185 536 618 -474 981 -846 -665 -867 736 559 726 -302 218 -980 731 51 -538 -937 57 -977 -860 651 -307 225 847 -654 416 747 -453 540 350 132 -483 -227 -462 -687 333 814 741 -708 -245 998 -615 36 -131 -638 -284 231 816 911 -461 -695 796 16 -890 172 -803 580 
281 -424 158 -432 -641 -988 448 -13 651 -934 134 -70 671 80 127 886 -763 952 -872 -258 493 -95 -48 -170 -69 761 -24 631 902 -255 613 974 -121 -615 -678 -524 -944 844 619 237 404 856 412 -956 462 -8 -230 934 852 -819 -857 670 466 986 274 -575 398 -588 -410 185 -906 73 -373 857 525 -999 -290 949 -385 239 943 -483 491 954 -844 239 -122 616 835 -164 661 760 -881 36 519 -775 639 -893 -665 -591 -428 -989 786 -286 -835 67 6 733 267 -661 817 -496 -329 643 -155 -161 -280 78 -540 253 979 767 -150 -588 79 421 538 555 19 -132 -814 482 920 732 -774 305 -875 44 -750 -13 -152 -68 185 663 -407 -148 -9 -763 724 767 -376 -840 162 13 
350 353 426 -707 -454 -782 -687 -630 700 196 625 945 -680 -451 -272 -572 -33 747 -416 -952 618 -711 35 372 -757 -206 -849 305 -867 -735 -242 349 -840 -572 -134 -836 -865 698 -349 -478 -637 20 -735 74 204 -38 659 996 -720 267 -89 -378 137 905 404 -543 -580 923 -197 -134 -797 554 -978 -345 459 743 -983 -671 -600 -750 401 -422 965 -869 -713 -356 -543 -9 424 -123 -653 209 255 830 -189 -363 -602 838 -588 261 813 -56 -56 -954 653 530 145 -679 -750 700 192 721 -541 -628 -569 -747 -170 836 853 -368 43 -417 -386 214 -124 781 -604 823 552 -963 -344 896 112 -496 -379 147 285 -141 -317 -587 524 -660 863 -616 -652 -247 729 628 -425 -718 578 303 822 -23 
567 -621 665 146 -92 -338 919 934 -671 -758 -474 737 776 -711 -118 -709 -460 462 149 31 -389 785 -308 49 -167 158 -381 86 406 906 376 -395 -466 956 -200 876 -983 224 376 -201 -921 -189 -655 485 244 -759 752 -111 -614 933 245 -175 715 -78 -24 423 -738 505 645 -960 336 -853 282 126 -28 852 -116 368 -971 145 449 508 -975 -852 -210 -4 -712 496 -901 73 428 -848 -54 -860 -522 -847 -813 -752 -388 -871 -452 836 -845 918 519 -14 547 97 -312 -429 395 -637 -852 676 980 -4 288 -200 658 -241 -857 352 857 -183 728 635 -176 -965 23 122 -348 -942 834 -234 191 991 99 290 -252 -999 395 935 -187 -111 -913 -422 -441 -897 996 -382 -832 357 583 847 
287 -554 -351 757 482 -956 75 -251 -102 -883 -648 906 857 -804 -554 -69 674 -193 78 -466 236 -3 184 391 101 840 783 896 -539 -5 -43 -722 330 1000 260 530 906 579 682 -428 582 -898 -601 185 -80 526 907 -838 797 855 144 531 26 -407 -260 784 472 212 -282 -985 -923 455 971 -303 -618 791 -757 745 287 -699 772 -182 -55 816 889 464 -945 -362 826 640 493 -506 532 -903 194 900 -484 966 -652 -933 61 658 647 -611 -522 -612 186 634 624 -248 879 65 -777 -282 616 442 759 -326 878 -458 -359 -873 150 581 -349 -234 456 -703 -639 -72 -50 -761 867 -251 -681 -323 -838 23 48 -959 -897 -971 112 975 812 -547 -581 12 779 975 270 454 -963 -344 
-901 25 -50 -388 949 -659 -980 -44 578 -845 86 -830 -890 -125 -602 -381 591 320 -504 518 647 -683 359 -206 -818 -393 881 298 981 -9 821 833 290 -489 -972 241 409 912 168 -159 364 783 553 819 195 -281 832 536 -777 369 -132 -316 -691 -241 84 905 -983 -692 492 820 54 -812 206 -368 -548 939 -816 595 -336 533 504 231 827 -488 36 -282 554 -679 923 -970 -95 940 -893 -944 -12 962 -585 -595 809 79 -229 940 -130 258 -943 -678 483 -449 -462 -752 367 685 -876 -61 -502 99 -353 -661 -152 969 49 -922 798 877 898 -201 -660 -703 -973 54 -818 659 -237 -856 397 -825 -419 -374 -40 112 348 -746 583 -915 321 -481 -492 333 -269 675 -436 -454 -859 746 
661 -8 -664 486 -923 841 678 394 -650 -235 730 -626 -926 -725 971 863 -771 -508 96 129 -797 -557 698 -364 -618 347 -329 231 -148 916 -1000 -85 258 -937 243 -446 486 -176 647 182 -170 -410 -32 -977 -494 -778 -579 -177 32 598 -720 382 328 865 285 -360 -426 -229 -294 -323 792 656 649 -903 124 -871 -931 471 -711 -991 -426 739 -153 -550 508 553 -683 -268 588 817 -598 848 563 -684 269 -564 -373 652 -326 779 -495 -757 -362 384 279 -860 -800 848 -890 259 -66 -304 259 -22 -783 -34 197 643 -266 -200 -275 626 -801 -742 19 662 758 -685 146 547 -528 -533 448 -284 -762 256 -799 347 689 154 -999 -260 -255 693 -718 940 885 -844 -984 924 -723 723 -234 -439 
421 61 -728 544 697 907 788 -807 -607 392 463 -677 719 961 288 636 -579 605 -754 527 -419 522 627 699 -749 -388 656 445 -707 755 -37 310 -941 874 -833 221 -835 756 -693 -569 -686 194 -926 201 762 -977 -227 111 775 -758 -550 -573 246 -631 -349 92 616 531 -209 -854 -42 707 -292 -542 126 674 -238 -157 775 851 -227 -683 -413 823 -309 778 572 977 24 692 614 77 -162 306 -390 -705 -241 -860 775 447 706 -502 -204 -945 -105 -719 454 794 -451 -624 746 330 -295 340 995 4 -6 -82 -151 778 -94 -642 976 50 -156 900 -21 -716 -264 -793 935 857 697 -453 -618 -990 -649 -770 999 514 379 264 382 -872 -298 717 999 356 418 -817 -439 -912 -692 215 
792 -579 -898 534 -356 -367 565 750 224 -997 345 -421 457 -318 -186 998 -660 -468 747 -818 834 320 -602 -295 601 -543 896 178 -212 -204 -965 184 -39 -338 553 -975 -117 -968 -238 881 786 56 322 495 264 422 986 -750 -816 28 608 156 -894 -121 427 137 449 -409 628 -88 -978 115 291 -709 -396 853 -708 440 -216 378 -906 -626 779 872 -70 -901 595 961 -426 -29 398 -698 708 -533 4 -258 -644 -993 -522 331 3 -913 926 -730 38 714 289 -558 906 459 331 463 964 761 -144 -19 426 -398 -715 670 48 -349 902 184 795 -684 63 -983 31 770 845 64 158 -358 -154 -115 946 -846 -978 -685 -813 -778 208 -951 517 -741 660 851 -718 -227 316 865 -142 -436 
-492 158 -847 136 939 769 -211 -317 925 -838 345 -640 -743 508 231 -419 997 536 -821 898 -672 148 178 -74 27 11 154 405 0 160 14 -489 -649 -981 15 911 -13 -962 213 -43 -67 -810 966 -948 651 -209 438 -706 -541 656 200 937 607 -152 406 238 693 -953 -781 -864 148 -447 880 -3 779 182 -786 -458 -75 37 -554 -260 677 107 677 230 -528 -296 710 646 -998 94 -506 545 -217 -516 -248 -214 -149 -768 -369 828 155 760 -327 -587 -442 878 -222 -724 166 843 421 -168 -416 -287 657 532 203 -930 -217 -377 -396 -148 868 -903 851 -18 -492 543 838 -397 -21 -415 887 -695 660 16 740 -820 340 -711 344 615 -203 -408 -391 -77 -620 -350 267 26 -449 904 
-198 -360 533 -184 724 -892 -950 -847 -862 543 -276 531 -17 427 -714 828 -923 901 -738 29 644 -24 350 -375 302 -350 -664 824 880 878 -5 171 -216 373 -278 922 -231 148 781 -601 -829 -353 615 -987 -197 749 618 981 -4 -21 298 200 -419 -464 330 448 -60 -779 -641 17 -520 -336 293 239 585 -549 -832 -478 -665 489 -799 508 -436 -181 -338 575 -327 -377 -38 -559 942 -240 -208 -329 346 318 986 -153 936 -444 10 -998 792 414 -792 -410 -7 693 105 -311 889 -647 158 -56 -37 -617 142 -251 -293 -275 -110 -175 290 573 7 -119 908 997 981 636 40 -195 774 -856 736 805 -313 -969 -718 297 14 177 864 -428 944 156 -546 -957 -42 -329 -30 -669 697 -429 
-92 441 -32 -873 -121 -339 -966 -380 -716 -92 -325 -675 -963 829 860 293 96 488 895 103 -326 533 -915 974 188 385 -912 893 -834 -820 615 -117 -973 824 -343 -902 -765 -167 980 745 -46 -647 -473 -41 -429 732 683 -944 -392 -605 975 986 670 17 -710 -915 571 555 496 738 833 -817 321 414 -332 532 -779 82 -45 -514 986 -450 -580 -46 -145 -287 -370 519 -835 -881 -917 -844 944 -992 456 100 911 -472 812 862 690 160 -925 -254 -664 -531 99 424 631 541 -353 -534 -293 -957 402 -930 -547 479 24 -321 13 -317 -653 -547 970 115 994 -424 331 -830 638 700 837 87 -882 679 -529 -89 -314 -298 716 91 806 -790 -879 898 315 -422 432 -670 -36 501 -111 -911 
26 -931 -951 -976 -687 -298 750 -728 335 -694 288 -230 -658 704 561 275 -197 -860 111 -859 -78 22 -302 358 4 991 -845 24 835 -346 930 -134 850 -726 42 44 -763 -53 -884 732 483 -957 -483 263 -639 -370 -834 -124 481 26 10 -75 -207 -991 -898 -757 -404 382 567 403 96 592 86 -378 -693 891 -82 -729 -873 526 401 -819 924 274 -186 -868 644 58 -236 -573 -745 -675 101 -925 -899 81 -656 -746 -124 878 -825 -848 -51 385 -451 160 856 -450 -555 259 -316 151 719 -344 520 -397 549 -901 591 222 -529 376 -572 60 -304 -124 13 898 -973 293 -874 -572 334 -531 593 -15 -977 104 -524 475 -617 -135 522 -480 -960 239 761 -60 16 795 -436 174 -690 942 
605 544 184 779 -147 -869 543 -721 151 641 518 802 -599 141 261 -848 -166 713 763 -889 806 -17 -882 -745 521 120 -33 -923 421 -657 84 889 -30 993 -376 -180 778 226 971 -815 -667 450 -136 327 608 345 578 745 -16 673 374 -446 -639 -138 430 -481 -876 321 278 -52 -657 525 -569 -881 -619 964 -283 347 -535 840 980 642 -219 657 16 -426 -227 131 968 11 -938 766 800 60 78 22 19 409 -565 725 -110 628 -499 -764 79 689 434 585 -492 582 -123 -403 258 -326 -137 143 -289 216 292 -238 101 -896 63 158 98 -15 -996 -74 -522 -314 593 -916 491 16 -425 991 -325 -395 -469 -349 -689 -605 -533 684 -861 266 -501 345 545 -93 -406 344 774 443 
945 238 -736 997 818 195 -168 240 -431 731 -638 -457 24 -796 708 -352 419 -70 998 61 -940 995 182 503 -363 194 757 204 -619 -140 868 -102 -279 2 197 920 -713 -547 96 -958 73 551 693 -755 -314 182 211 882 414 -486 -81 576 224 360 -885 -290 766 -698 -854 234 -159 -110 671 788 442 345 926 -316 264 689 -284 285 -596 293 -905 553 -456 271 691 -155 574 -658 785 645 419 342 104 403 811 331 632 -400 895 537 -369 416 -79 338 -890 -317 -676 -140 -937 147 573 721 -208 -930 -888 871 826 108 180 -765 -414 181 -259 380 72 927 -933 649 43 -357 327 -659 -939 -438 -736 -642 -71 -444 -5 -334 537 14 -1 -346 579 105 368 370 -194 975 
-631 333 775 177 381 923 701 -956 -202 -143 936 727 -915 492 705 -536 548 -871 -39 -321 -370 691 -566 82 328 -82 -380 -931 968 -912 -368 -35 -749 131 278 -524 -913 329 644 157 -329 964 514 434 -317 18 -598 558 -553 -520 565 150 -671 566 558 -243 -151 -578 125 -602 -442 34 354 -884 -461 827 -928 -813 315 64 -503 -5 -607 165 345 -560 736 -621 -946 706 413 993 -39 23 582 914 244 -361 -509 -313 210 568 53 921 -526 -670 566 186 -198 -585 46 -358 -434 933 815 -305 250 674 797 -480 704 696 -455 -251 -872 -704 -683 -85 467 406 559 789 704 246 141 279 -485 -579 -771 470 -266 677 -766 730 340 -601 -142 -509 -55 -106 825 -60 -830 -166 
-297 -497 186 423 445 858 331 -514 735 350 -320 513 223 10 117 711 -580 651 -632 -499 -558 -917 126 -3 -99 -281 527 266 586 140 -225 434 898 167 -893 583 69 190 922 247 -510 608 95 -452 -546 719 231 -332 -217 -193 425 958 -250 -643 -882 -126 -954 -715 916 -741 -367 -458 968 599 -445 -266 -956 314 684 782 -345 -380 -737 -176 875 -14 907 945 986 337 867 306 -92 -785 -595 -802 -223 273 144 -725 117 162 106 455 -332 -890 747 -346 225 -223 -812 -889 38 414 868 759 -353 880 8 934 -144 154 561 686 167 333 -671 60 931 -485 -623 528 -708 -795 59 926 -227 -935 -755 -744 -484 828 945 990 -207 607 504 725 -460 255 -600 -92 517 -134 
-904 307 -713 164 -582 -659 842 -895 542 333 -757 -29 -113 23 -784 443 -405 -544 412 -756 -354 -903 -11 830 377 257 -802 563 -983 -495 -553 218 735 125 964 -88 149 -165 -796 912 678 97 526 -310 -742 142 -488 126 -697 -442 -283 -926 560 787 649 674 743 -444 985 32 265 -622 -289 837 -730 912 -344 935 318 626 699 -346 -881 132 -275 538 -401 506 462 -207 -496 945 -803 -208 149 -544 -240 -942 359 291 302 445 419 -37 -30 -44 838 -903 1 -153 363 -259 -511 297 -943 -418 417 -859 -647 -349 903 305 435 -829 -560 793 825 256 26 917 171 411 -372 341 172 -402 -207 -309 -794 937 -88 -549 837 -347 -461 -772 440 911 115 -184 266 -130 242 -395 
-802 -169 -320 -197 765 -323 128 323 -318 187 -945 -723 -652 857 -679 470 -594 -392 840 -839 314 942 -187 -695 225 846 -177 -217 119 -801 -748 -596 -170 552 -623 644 232 -308 -318 610 295 452 -626 -302 -568 663 -782 185 -258 -234 309 -315 -418 892 -472 -739 -340 -789 -162 380 -713 32 -739 836 222 -130 612 810 585 414 -923 482 376 717 180 6 -552 -758 -877 888 966 708 -101 -601 135 -937 -665 -632 -824 -971 -790 601 411 -351 -4 -382 -18 -999 710 -30 615 47 339 150 -941 -998 343 -663 853 -810 886 368 89 55 -183 -309 728 994 -204 -717 969 662 546 98 -321 -671 -701 47 23 -20 -386 834 -397 -717 930 457 -83 -719 -18 -561 -324 -594 165 -438 
767 280 -353 617 -462 -479 -435 -316 599 -23 486 666 -926 -688 943 56 654 771 -778 -907 -722 -800 124 -669 -108 308 -392 -320 121 693 -40 -949 934 -116 1 -90 151 -947 227 -924 -480 21 334 840 -250 183 -119 -586 -446 -174 -358 -862 627 296 380 385 -727 552 867 905 -364 774 -212 103 -335 -273 881 -362 437 155 305 -94 -61 783 509 -146 742 -637 -647 -277 -451 890 -682 -78 -501 833 -463 371 -257 -549 -847 983 804 941 676 -986 278 -266 74 -825 -619 -189 -141 846 624 -130 -38 -64 -953 105 -989 340 -422 989 -778 278 626 -773 226 430 462 175 -895 401 256 -170 186 908 135 -390 820 470 -375 913 -850 -772 -779 240 269 755 790 923 -539 -853 
611 667 -938 -921 278 661 -867 972 755 -337 773 -363 673 723 -147 -35 438 206 984 -409 -520 448 -205 -875 -411 -166 -64 -403 546 216 352 363 -542 209 89 243 924 815 -128 -161 825 454 -737 -816 -94 -763 113 28 -57 777 134 -921 -38 971 -538 -47 -862 -757 -501 996 568 946 -769 155 -637 -453 -983 -665 -815 905 307 -695 -151 897 839 -261 -450 331 -691 -216 591 240 -7 -2 446 52 700 783 -759 -508 -135 -854 109 863 701 -368 842 -459 459 667 872 -24 791 -899 -266 217 115 -601 712 926 -310 -567 928 -195 -215 -8 229 -785 682 873 256 334 -128 -317 937 -438 -552 -992 555 -44 367 875 -122 225 -405 -189 711 624 454 315 770 -614 720 -227 
-183 -463 489 -163 -75 -757 111 311 -280 -909 88 484 719 52 -407 84 -855 928 -64 348 499 328 -834 -751 787 -289 197 -888 -193 -319 -848 -821 -496 -92 243 418 -977 375 310 -453 1 929 459 -756 502 -535 708 89 -269 -141 -509 -392 363 -504 -351 -800 -293 990 154 960 154 228 939 -69 -87 -603 285 -248 932 224 -774 737 433 -604 -706 -527 -173 -378 633 -81 196 483 -516 447 -436 588 -383 408 527 -593 -471 -428 -994 -14 905 16 -560 -836 -337 962 -397 -215 319 -648 229 177 354 -187 172 183 -286 621 -642 301 -503 809 -887 -971 -919 970 -842 893 506 619 538 -607 -359 -347 -998 522 77 -885 869 -451 911 -375 271 313 -885 -139 -469 106 348 -59 
-89 -451 -927 -40 -762 399 195 -843 697 669 542 -377 -803 87 -318 603 137 -714 -527 -871 -840 788 -308 500 -304 190 752 671 770 -826 896 295 -97 575 -998 265 -670 -540 282 533 -21 262 -651 755 49 -146 898 122 -552 947 -626 664 -909 0 820 340 151 -931 -44 -885 834 215 293 -142 948 904 520 610 -604 997 866 -90 535 -644 936 -357 556 -304 -652 -794 -77 -857 315 565 -9 598 337 -112 -545 -296 -96 544 -563 -6 -758 345 812 -223 -63 -15 551 233 -189 -914 -931 -426 387 -982 940 -448 -21 -746 260 -714 -490 918 -501 532 -680 -989 215 117 -553 788 551 -111 827 -942 -97 -828 934 -196 -878 337 -61 319 -47 263 -174 -386 979 159 -946 908 
-262 -852 753 -987 535 -567 839 219 -994 825 368 121 681 -962 -439 852 361 -952 847 762 20 522 938 659 179 -365 -65 506 491 -213 519 -171 -860 195 956 -73 -354 -211 473 411 -839 472 597 494 951 832 736 145 -869 826 -184 403 -488 856 -369 118 -574 -46 651 564 -236 117 645 859 -616 504 -184 795 364 603 -266 -319 -894 225 -775 150 801 -407 447 936 -742 173 492 -606 908 769 918 147 -282 675 192 -870 -343 863 108 -965 898 592 175 164 844 -995 -953 842 677 556 -252 -508 14 -663 591 490 121 -633 -38 -704 33 -387 449 597 -522 -5 732 196 -563 -462 -808 595 736 -108 -919 178 -150 -990 216 805 -915 -829 -50 628 -346 137 785 394 
-328 83 341 960 -129 -547 -330 -119 837 112 361 686 -837 329 -755 32 -587 483 104 -426 -945 89 -196 -731 564 -973 -608 661 -685 -631 -516 -308 -438 720 612 -403 -882 -619 -926 -792 -478 612 796 -485 -513 -934 135 860 -899 309 640 63 -290 203 932 -181 -971 -542 363 966 -730 -262 683 35 -480 -490 148 -855 -518 961 248 542 -552 -644 -537 634 -704 -665 -752 -284 315 -799 -223 -346 974 935 73 776 -726 -548 -165 550 -412 548 362 689 588 -232 -545 957 -877 -469 284 -249 -976 -966 -149 11 -379 -104 219 328 380 -316 -184 769 484 -132 615 240 350 583 -876 -781 -599 -75 -305 573 -11 966 -500 174 -744 67 -729 -660 -992 -317 305 153 83 346 505 556 
663 324 734 405 243 -851 -264 834 914 72 990 -188 -562 -454 481 965 -427 -828 994 406 294 627 -475 829 -451 418 398 285 -107 361 -104 -464 474 -655 911 -874 -204 -155 77 -488 -410 581 810 631 317 -110 198 -102 576 327 -913 522 -827 -813 608 573 884 -913 -126 -524 -54 -800 926 -277 -762 410 499 954 -214 166 300 420 -398 -135 -756 -303 184 -991 421 241 -655 149 -879 391 878 -333 91 717 -550 194 -750 69 763 195 632 -343 -227 232 -838 948 261 -152 -23 918 122 87 -661 411 113 358 492 -936 -591 -641 -293 -469 -305 60 -304 -612 -394 689 311 -494 720 -664 63 -654 544 695 875 656 -800 -524 -335 415 -933 871 377 36 564 408 -860 355 
861 437 490 102 121 959 -798 -522 587 -928 888 155 744 -530 -709 -281 -366 -368 -205 120 738 -298 564 -711 292 -776 -274 432 -739 -130 454 -792 -804 -747 -416 450 431 -924 883 -553 468 -145 -581 -916 -447 -176 -702 678 182 285 -626 -720 -51 975 18 -923 896 572 996 501 662 178 -453 130 636 -133 -818 -659 932 448 -974 15 824 -138 -359 467 24 -15 -566 -812 -441 -158 596 -612 -586 -850 -894 -269 297 658 -728 -612 536 588 532 249 900 -19 360 681 -791 302 -476 -651 -186 -675 -806 -216 -483 400 -204 -78 815 -634 38 59 380 -835 -504 -773 -121 64 577 10 981 -937 -929 -730 -615 989 -963 -947 956 984 -544 -235 945 885 666 -390 857 420 926 -213 
-627 152 350 473 -745 -653 420 973 -531 -681 423 -327 -972 -343 -880 440 790 -389 -660 312 -369 538 -997 -990 416 225 803 986 609 -321 672 -828 517 -940 -479 213 -648 526 310 -247 -52 576 -597 830 941 -132 -633 -781 754 -807 -357 931 53 -959 937 670 -234 776 -598 209 910 673 -453 860 -764 75 59 225 -917 -80 484 254 -904 985 889 70 605 412 332 -595 939 589 -52 -848 -355 -794 123 -718 -550 634 216 495 -822 292 460 44 -401 789 -657 -209 -726 -81 734 196 -271 641 -342 -403 -736 -909 -658 -280 475 -683 662 774 636 -187 689 864 -969 932 681 170 280 -452 -826 759 -685 274 -925 112 -49 341 432 459 422 -123 756 -76 -441 696 -537 975 
-336 303 -204 925 72 763 336 62 934 333 -740 20 722 748 -185 -83 515 -210 8 919 -134 -553 -707 -67 655 727 872 448 -845 -837 2 642 -42 902 66 -760 59 669 -611 -938 26 -517 570 982 927 -138 279 -406 279 169 -252 441 -225 -45 -595 -750 -727 -427 133 -133 472 -604 666 253 650 -966 -290 371 -474 43 -954 -281 490 889 -893 841 -839 728 86 81 -924 992 243 873 -517 197 251 -552 751 -83 -11 -529 336 -208 -417 51 -985 -113 -855 117 538 600 708 -354 -971 845 -512 812 -299 -299 264 119 243 -864 -632 869 -325 333 156 -685 -655 725 -92 -511 -358 693 -163 689 892 -570 731 -113 711 -165 52 682 -565 -30 -344 -912 208 -632 -367 335 
596 94 -557 303 792 -175 857 -826 363 222 521 961 259 -73 -555 -985 -442 707 -904 294 12 -631 861 -814 923 128 342 345 975 780 -53 415 426 -487 -340 155 147 -278 -286 -841 -871 -44 331 -858 -48 662 -70 -631 71 -684 573 765 143 689 -424 -336 816 -229 202 211 226 -670 -337 507 -279 527 -340 -865 46 -976 132 130 -976 -234 -667 -774 511 274 -810 1 225 423 -990 -857 -63 -276 964 -572 8 -546 766 -423 -488 85 -34 -452 -194 575 840 -670 822 -611 492 -943 309 664 108 769 -787 -356 375 -68 232 82 28 254 -988 -313 637 -94 330 650 452 62 576 710 -230 -497 -887 765 495 -959 -974 -184 124 994 -592 861 609 -624 264 -756 529 915 
-762 253 -593 83 -915 314 522 -192 819 -762 788 -560 205 82 -619 203 551 336 728 170 750 -406 276 -366 811 -901 -697 880 571 54 -41 -779 785 -355 768 323 -419 645 618 -856 -96 404 968 -807 -162 -308 -267 -816 -257 -588 163 496 570 541 -725 136 -396 776 -876 -300 -185 662 -758 -481 -288 435 -682 -288 -588 -664 601 583 -295 -280 812 -277 452 897 -602 -299 641 283 -316 -943 996 64 -275 501 -689 990 359 -336 923 -221 339 -261 -432 -975 -24 -544 717 31 354 753 230 497 -728 -190 -271 -116 94 -294 -289 567 897 -584 487 -274 145 88 852 609 310 -155 511 345 -204 -572 304 83 620 -573 -895 847 -12 321 35 -482 669 -189 260 -827 -35 32 
-763 -51 496 430 -187 -534 -216 -311 -919 842 -634 806 992 270 -850 -485 903 -774 -951 957 -757 -868 404 -18 108 -380 808 -26 -606 -507 597 772 839 187 -67 78 -117 -774 -464 -393 452 -317 -57 -768 -300 594 891 -79 33 -852 32 575 -244 687 -286 -194 987 -123 384 -729 447 -40 -542 250 -91 -884 -332 875 202 -906 672 -169 610 -595 -689 -34 525 634 -608 -46 -213 -594 985 38 190 712 -279 805 536 -924 484 406 -301 734 846 -704 -878 -389 -88 -499 40 36 858 640 -361 -34 -421 562 -275 42 -679 -653 63 -815 466 -166 -512 409 -101 -284 -846 -125 510 297 -243 619 -656 -184 -721 401 -949 -457 715 -799 677 -388 221 -321 680 -789 -366 -649 -760 112 
857 912 -30 180 -526 -565 148 -792 -134 -891 216 -935 -94 -24 -812 721 338 596 667 -396 867 -140 987 968 -496 -544 633 434 -59 865 -705 -691 534 953 460 382 918 499 -380 -117 -774 -742 -593 385 533 433 155 -300 169 -793 -227 -166 446 136 -690 -480 374 -927 -946 -700 275 413 -108 333 16 -139 840 934 784 -255 352 566 9 -971 414 -465 -533 -637 409 364 -576 -474 -823 -153 302 731 547 750 719 -284 -158 572 -517 -268 766 168 890 668 -140 -665 488 -623 482 764 329 722 -439 -505 962 759 515 962 -504 -211 -622 -311 -150 -705 645 586 181 199 -974 -593 -874 -56 -73 -501 58 320 626 435 437 326 678 -123 534 705 562 -382 398 -671 -770 415 
758 1000 -617 -231 -885 97 605 812 -366 -325 167 867 -694 -8 370 -928 794 667 460 -97 725 379 -335 681 541 657 -860 -146 778 -60 100 -771 -89 375 -514 111 -442 804 -73 613 828 -206 -785 -270 -951 71 936 86 -838 -72 650 71 542 629 -396 491 966 710 -438 368 595 -485 592 -166 -794 49 -592 -302 48 380 124 207 -544 -51 -637 712 -459 -116 825 31 -860 -406 -294 78 -177 476 -18 -47 585 931 -945 579 -577 650 833 -485 869 261 54 -842 492 916 143 83 831 670 182 641 952 -558 579 -128 -340 520 -807 -857 827 792 954 -589 -643 -590 -162 -58 952 171 -903 -158 -982 -870 66 351 561 77 414 -578 705 301 -673 -348 541 -164 -15 -539 
347 6 997 965 856 -750 88 729 -636 -345 -582 924 535 620 -499 23 309 17 782 -460 -361 741 -328 -447 -566 590 939 -565 843 683 -337 -46 -370 -4 179 40 -318 -902 80 607 -590 501 463 123 684 779 603 57 327 -281 611 777 290 -165 -673 101 301 -863 -392 496 -838 837 230 -829 569 -937 -805 992 811 -783 -668 329 -931 777 235 -930 337 935 965 -415 584 544 -466 -906 -406 -48 482 -770 15 956 -864 612 607 818 -392 642 957 -673 -663 834 -947 114 600 -231 296 945 714 817 -699 -316 -883 453 -328 -267 49 16 104 7 136 330 -864 -981 -621 -667 -298 -769 -972 940 358 -47 790 -91 22 86 -212 228 -967 804 -47 -587 -687 611 213 -888 
820 -737 809 163 -620 387 785 696 -544 276 -564 846 -280 308 877 281 -980 273 -316 -238 -934 -348 -837 644 -906 731 -303 889 -96 -139 968 -751 477 -860 839 949 695 -347 -418 950 -202 822 -696 995 -564 -398 -906 801 716 25 -614 966 505 552 779 386 -494 144 -782 207 -971 507 388 433 -961 159 592 855 96 -507 643 -361 -340 816 -305 -516 174 173 -872 -29 781 -858 880 -920 -288 -545 456 859 983 35 266 976 779 98 -805 -470 370 -489 -203 254 -476 511 492 807 80 -145 -532 -273 -581 426 -969 -945 -101 -109 68 721 927 224 779 -805 532 935 -87 -982 838 -835 660 -943 -214 -928 193 753 -929 166 710 292 -365 -369 -907 495 -959 632 837 4 
581 -346 91 -285 -298 -673 -248 444 -109 -331 457 606 -282 89 -503 -541 -493 -412 22 174 -502 -261 -196 -503 87 -312 -251 355 -287 -885 -37 263 -299 -710 842 -478 -636 -286 -439 235 469 -887 987 398 185 294 630 469 71 -754 -38 -681 -190 -770 -864 -111 -173 141 -106 636 -238 -963 -911 980 -57 396 -34 383 496 -472 340 -400 -1000 -921 -949 -309 412 982 -487 452 36 639 901 -105 772 275 -609 510 -127 328 187 -13 837 -333 528 -104 -443 -14 385 -226 358 -416 -211 174 -292 859 404 -455 -897 243 -420 396 79 -217 952 500 -491 524 999 -365 -97 -649 848 -544 -302 -109 -376 -240 -152 753 -974 342 -741 -830 -322 538 -758 655 959 144 107 112 -309 -765 
127 470 241 -194 -697 -694 -647 -739 763 -184 -611 273 699 -769 -342 -821 -125 -461 -96 743 769 337 996 -927 -137 -968 -538 135 911 384 4 -791 -51 -196 220 970 20 479 353 446 964 301 54 18 -125 -722 -491 -630 632 -127 10 -267 -504 -653 -587 262 334 -253 10 -479 -563 542 418 886 818 -566 -478 154 -497 700 -378 -823 386 -781 329 618 -258 -51 47 868 -615 972 987 160 -527 794 173 992 -182 -65 -299 -403 -232 362 846 -858 -722 -773 -791 -393 -177 -638 -856 304 625 -702 0 -638 69 593 86 539 -324 876 -462 327 278 757 480 46 -146 -756 -241 471 -982 2 181 -182 480 -870 333 119 -8 612 85 675 -180 65 -608 -700 975 711 -247 926 
273 -33 118 396 -715 712 800 832 -216 163 542 491 538 -673 -868 -196 405 771 693 -133 -455 -115 372 232 -888 504 956 -970 -918 -618 954 -457 -4 854 585 -864 -797 -727 889 973 175 -637 602 -697 85 -70 -104 -186 312 521 -499 -961 818 -329 -246 117 -537 158 -381 -820 -213 -71 319 1 463 776 634 -848 -224 372 -934 -762 -894 -818 -915 -8 -917 -784 -274 535 -645 -619 588 -454 422 335 352 -109 359 -529 337 690 394 -829 706 246 91 -295 -151 464 -269 -175 392 900 -970 -631 -753 661 -211 -103 160 -59 -992 -760 481 81 -327 -732 -179 645 858 456 794 878 -65 531 631 -746 919 -192 810 871 -42 859 -310 339 -463 997 -267 -305 -915 -783 580 -549 
-41 -418 949 -611 777 -534 -794 -856 345 -543 -309 -871 -886 927 921 -866 703 -494 869 -527 -658 -996 -755 -328 -933 460 795 -51 -988 -363 -278 26 -334 843 -746 -283 55 -315 885 216 709 -622 141 935 734 145 568 -542 875 -309 -379 464 -752 584 425 267 104 351 -798 -333 -406 -888 138 -980 -112 952 -772 -893 -53 658 818 -265 774 397 -83 -764 21 -886 818 -891 933 -958 -496 581 390 -250 -63 -263 -792 100 -701 -741 -189 34 -503 -535 -868 -791 582 -816 -866 459 -617 -25 247 299 -467 442 -407 -704 37 468 -47 -242 267 26 55 -344 637 -681 -177 903 -931 379 667 628 572 -523 -851 -86 703 -107 760 498 -56 -770 -330 -685 379 -753 -950 -686 589 295 
-946 -970 391 -145 580 388 390 971 10 391 42 388 -843 608 -261 349 338 442 -267 61 -22 -723 32 -37 -145 -77 -933 781 574 770 -258 -459 -540 679 665 -32 -390 -326 323 753 -865 -70 -14 805 -901 287 553 -719 829 637 -909 -730 994 91 -610 366 -137 311 -90 -606 -844 529 -155 107 -963 -536 -311 -783 -409 170 -911 549 751 -625 -824 481 -850 -958 594 622 -322 929 -568 658 945 240 -876 135 -451 -184 963 -996 -817 -494 521 -613 -660 -492 991 -885 -354 479 867 -80 419 867 -249 371 -255 262 -277 -525 492 86 -703 -167 530 190 -834 -469 285 542 368 699 781 643 -66 -142 381 398 219 -532 505 450 466 649 -396 -510 -994 492 -588 602 -453 -58 
964 -569 -570 -689 -892 -582 486 -195 -362 -473 -789 133 884 53 79 885 -872 463 412 815 916 90 30 -701 -541 -530 -717 -446 404 712 -858 553 -477 391 -194 -655 890 -209 936 295 -478 -888 -811 527 646 223 -997 -633 504 -121 597 -41 -807 -578 609 -707 -60 -798 699 -527 -80 58 466 -628 -552 321 -576 -870 904 193 867 100 106 -436 -133 333 -598 -414 978 -323 738 101 -944 -7 -525 827 -342 -974 956 -416 -676 -172 726 -227 -732 810 824 -309 943 851 -330 132 506 -211 -541 -822 -849 -248 -521 -313 747 677 -837 1 188 -244 -139 66 -619 -265 -267 361 -290 -920 808 -2 -308 34 264 -397 -321 -637 710 911 -205 951 564 143 -551 -226 815 807 12 885 
-970 -70 -249 813 -335 169 214 572 -486 -505 126 893 -744 909 -353 194 110 -218 351 180 -600 -748 -336 62 -550 -85 339 -990 -864 889 -463 869 -151 343 205 951 705 544 491 435 -975 327 148 -706 -841 337 847 287 -131 731 986 -981 -799 112 -197 -266 -913 -101 -294 -3 -958 -256 573 20 294 -121 291 -340 -426 -838 -727 657 -432 583 921 -49 647 -23 -793 -912 -577 -47 -784 941 225 -272 -111 -33 344 -594 -211 988 -585 283 -840 220 -643 393 -378 -723 -748 158 362 752 -6 -390 666 370 -672 -765 770 456 507 -548 469 -422 207 765 690 530 838 480 460 -708 -37 688 -593 -512 320 686 -243 -269 -648 -910 -256 -19 -431 -595 276 -383 -732 -83 693 -909 
-339 769 -380 -908 -856 12 -562 96 836 516 -289 -417 148 291 -409 -667 258 816 -21 -570 710 895 -946 194 309 -282 267 -150 888 926 980 700 620 -915 -140 -749 -430 -267 -631 496 132 676 -695 573 -497 -98 -460 -341 -974 -657 986 -120 -498 -707 -92 -262 -414 -745 63 -203 302 482 599 -269 -925 -914 -645 -884 599 -230 458 -665 312 -811 581 49 -672 -622 -591 776 69 650 770 148 113 632 579 628 124 253 -465 -798 127 137 542 -950 394 580 -227 761 346 936 420 788 945 -249 -703 -715 990 -94 330 84 -376 572 137 647 -243 -403 -919 308 399 -93 21 95 50 -364 709 -190 -505 248 724 -964 938 93 691 819 -907 -726 -563 -894 -327 -640 -49 773 
-811 -174 209 54 962 -545 -319 -185 -601 586 -15 -101 693 481 950 -7 -583 -781 148 746 325 859 -3 -394 -142 -924 981 575 -487 -432 196 -118 -700 -218 -16 764 546 113 -759 145 -133 353 68 -379 -725 -919 -730 -72 -331 -357 977 -173 -934 414 755 -230 788 -424 -88 671 911 591 -705 589 828 827 399 51 810 998 675 -480 182 -196 -915 855 20 -740 390 504 677 -464 135 -203 -755 -311 426 -693 177 755 160 -966 817 -338 430 107 -471 -564 -244 -595 -21 -182 -483 194 -168 939 995 -195 -802 921 281 -457 489 -106 -90 -662 -854 418 -764 597 796 674 432 296 -332 -444 468 385 -91 442 987 51 -314 690 -211 -121 498 792 275 -734 627 -621 -392 813 
-421 214 -692 -291 -641 595 85 51 759 -767 -738 415 68 -424 458 574 -999 -937 463 -129 -422 -429 907 -169 764 -672 -183 -209 -340 574 31 516 -220 32 -87 260 -765 -973 -462 760 712 149 625 -946 36 -927 -109 -912 -740 213 796 -88 -747 -403 -856 630 -831 705 994 104 709 266 -262 405 -268 614 -14 -241 373 -167 -799 -436 5 -228 -557 884 -644 199 183 -407 745 69 521 974 -517 -93 -129 -439 -258 -87 -35 -337 -493 -832 621 -98 300 590 930 -403 761 756 -644 549 667 -889 -657 970 -550 597 363 -1000 61 529 -381 974 -494 161 -232 -348 594 615 -250 199 -209 315 733 -677 -487 -791 697 232 -21 -106 401 235 -467 561 -24 -630 502 -18 862 -255 
309 433 -266 -977 -53 565 331 -698 975 932 -168 -633 -509 298 303 -253 -160 -50 602 729 193 -3 -238 -77 -62 -904 553 -381 30 705 463 -882 459 953 592 -900 56 784 22 935 895 -548 -378 -976 -639 -469 -432 -427 -990 -648 101 589 -841 -171 483 -574 -457 -612 -208 215 -221 98 203 557 -281 -365 820 574 363 560 250 30 31 -351 -509 780 -235 825 -224 -271 5 -442 -883 171 -515 722 630 113 174 816 848 617 -785 546 -245 -469 556 -346 174 515 786 636 -678 -838 -778 -973 639 145 64 -245 234 227 115 -98 -203 -846 15 360 -88 -952 -352 466 633 -652 -57 -51 -815 -582 997 -727 -946 302 271 -881 -385 -170 -844 330 182 386 -165 -289 602 891 
-516 424 778 43 -923 24 -264 114 492 -388 874 684 -141 -314 216 667 -255 -119 413 -579 598 -909 965 -456 35 -782 -327 -730 -563 -549 -383 -256 577 86 817 638 -985 -967 -142 -67 508 276 -839 473 473 793 264 -243 825 148 -565 -531 -505 804 -314 -600 -907 26 830 15 -556 191 466 95 149 78 117 -53 53 308 4 651 -579 142 572 718 -632 136 -830 -277 390 11 -381 -649 -325 372 -330 195 5 954 -62 -472 442 -880 962 244 162 543 989 351 -789 -731 10 444 89 813 -65 459 186 -473 204 116 -863 -257 -182 372 970 -186 -977 -413 -92 -664 -269 -386 -484 339 673 -466 -940 -255 -152 803 79 61 -876 -681 910 -575 321 -301 -5 -663 566 -130 
-620 188 -920 -11 712 106 -781 126 827 -971 -697 -281 -938 337 536 -109 -729 451 993 -96 91 457 508 60 -601 941 -297 -73 990 727 330 299 -957 686 469 520 407 -913 428 -841 28 -794 700 -841 914 -999 320 -237 956 -47 -852 -526 158 -201 178 -8 351 -570 -318 544 -970 744 916 811 -706 801 -867 856 -747 -43 -843 -406 583 193 -177 250 -823 -561 165 595 90 237 323 -329 -892 -573 553 -149 57 830 372 480 -364 698 969 293 -344 -435 -522 -667 -929 216 644 -228 -376 831 -68 601 -536 -602 -730 -341 721 -117 147 538 -138 -63 979 -691 -725 944 -249 235 -622 695 303 907 -928 748 -199 -869 825 482 -221 -466 -849 112 717 -840 36 -516 -840 204 
300 498 -887 322 -399 -944 664 -770 863 -661 -455 700 -660 -412 113 953 -175 -946 -479 -594 -919 722 -619 665 -12 -576 -869 -443 -384 -252 834 147 819 240 359 -932 -653 269 -673 -982 -146 -863 972 895 592 306 -325 649 -926 921 -678 -934 -483 937 197 -123 194 -35 -1 591 -449 722 820 968 -819 307 42 -929 -830 -141 246 -138 63 -661 -453 -804 655 -731 -157 -51 -755 323 -129 349 640 -644 130 -733 431 538 -993 72 710 382 -583 -350 313 -105 -471 -363 -810 744 60 342 560 -923 -874 0 495 416 -886 -155 -950 328 748 -861 824 721 -383 622 121 -631 369 -81 -203 -876 764 689 290 797 -874 228 -289 205 -827 376 952 541 685 130 -851 349 823 -310 
594 -969 -308 -782 -73 947 -742 365 108 684 -550 504 627 696 157 -112 966 -888 -249 912 710 -27 249 -279 204 -818 684 706 539 -440 -603 62 -105 -669 -937 -666 -730 297 -517 268 392 -59 -557 658 699 834 347 -404 292 434 -749 -670 976 -287 -934 471 -364 -933 137 -880 12 941 -641 853 421 78 -102 -629 910 -716 -628 -988 744 522 -193 -474 -271 602 -335 -669 65 -960 776 -29 -669 -280 697 756 516 508 560 -34 13 973 -157 -157 -268 -719 58 -868 -334 655 -554 755 35 621 -70 -672 -752 837 -294 119 -263 -63 -82 150 -113 -207 -915 842 87 172 536 838 383 -630 76 -137 987 -48 679 259 -833 -460 -857 815 852 438 641 -632 -652 638 -944 -224 
-349 -268 923 268 -922 -232 311 877 -196 -257 -733 -793 -185 215 -305 -871 -962 927 89 990 902 -919 -695 -788 -868 776 -291 679 -113 -980 -787 551 635 -594 411 -132 910 444 515 587 -737 -356 -141 194 538 162 371 -701 706 571 -817 400 -399 -140 226 -192 -452 -432 26 793 -891 -522 -241 -349 641 -314 -194 -388 175 106 313 678 -960 425 53 -330 -757 606 776 4 705 320 859 57 880 261 879 -111 -690 829 375 -437 745 -863 -63 541 -312 162 819 905 748 -629 -506 -97 238 -665 -437 -844 -550 308 -716 -969 -597 -70 -326 947 157 963 632 491 -740 -1000 -576 564 -396 459 -321 735 -958 -647 785 250 859 -287 -391 186 -593 966 -194 930 370 -837 628 -259 
206 293 896 605 631 -531 -246 663 -846 93 -247 -888 -310 -685 282 -335 -620 676 -418 -330 -90 -221 -477 208 -798 882 131 -956 709 -958 990 688 -238 159 39 -741 890 417 291 -597 200 874 749 736 -744 -202 255 447 -901 -983 -841 483 -909 534 -838 853 338 -956 883 238 551 -808 956 541 843 340 -742 416 870 10 688 303 643 343 -224 -929 60 331 -706 502 -650 25 -933 31 -784 -286 -52 745 -175 -173 -599 -887 -279 -880 -725 -264 564 143 954 -194 591 -782 -790 914 -509 720 110 167 506 471 847 -210 -905 -171 -524 -897 -193 816 581 -187 36 -405 -746 -912 -133 -409 -448 -267 513 912 540 125 94 16 -899 -502 -53 721 -926 -888 -589 718 782 394 
582 -495 453 31 661 -511 964 -786 324 -89 310 -200 -913 -176 367 -247 -894 -855 -513 580 -717 -677 600 -498 -248 938 396 -766 767 -159 -482 934 821 -20 -357 880 -877 855 645 -153 520 543 149 -311 775 -253 401 797 70 147 372 -356 769 -314 290 -409 -191 -868 -551 -825 970 -444 336 616 -554 -942 -489 521 228 850 -852 -167 -440 -670 -393 755 -711 -456 -244 277 -550 -274 530 469 -672 -806 734 -710 -895 650 -613 -935 -365 85 45 384 98 -421 -30 -446 -579 861 -906 158 641 -219 219 -3 67 569 279 545 486 -519 397 768 486 -780 -189 701 -615 752 -828 37 738 -688 -789 754 -497 -973 -604 -461 287 -340 972 551 631 182 586 -671 -240 184 928 -959 
-907 -257 62 286 303 -782 -927 -702 294 -170 -895 80 745 258 -85 607 -116 -147 -2 255 -612 -87 537 -338 -850 885 -378 -143 -51 666 351 414 454 -332 -976 617 -162 -606 917 24 -902 -566 -815 634 405 -446 656 -547 497 -531 81 -471 739 -656 859 472 -83 -220 -590 -675 858 -83 -554 -496 -398 368 -708 732 -936 476 512 635 133 270 -149 -519 352 -364 601 588 319 -839 -128 -59 419 -590 915 -638 286 -793 -333 50 465 282 980 -804 197 802 -785 367 -935 203 402 -687 8 -321 855 -9 513 11 -159 633 -874 711 594 -339 116 -414 501 727 -801 201 -78 92 -81 -86 -2 -312 -572 991 -163 -104 -546 358 -14 263 693 -263 356 -353 856 248 -557 1000 
302 856 -408 -754 956 -211 935 -3 -799 594 -585 607 -447 -642 659 23 576 550 -467 -332 626 657 -484 207 -314 -13 -268 574 -427 -335 650 -958 -95 -617 -822 -521 -435 -559 198 229 694 -125 934 836 -788 690 348 -655 -992 909 688 -244 1000 -149 -781 -281 468 632 40 331 645 81 695 184 -658 449 127 -149 397 218 -880 -687 -863 655 -275 235 -943 426 -996 -227 630 -878 -850 679 771 944 398 747 700 994 -626 -795 -107 265 59 450 143 356 -16 419 760 -361 573 445 369 683 -927 558 640 -307 580 879 -146 534 429 -970 -176 -834 -172 -206 67 -799 537 -373 994 535 -849 -215 -658 430 -276 773 -462 -791 -873 387 -123 615 581 962 622 -567 866 -952 
-151 106 -534 450 -684 -894 -307 -39 11 189 639 -228 776 378 -588 3 520 -543 131 647 -757 -440 771 932 -493 713 830 -975 -296 760 -694 -422 -446 -465 500 46 369 481 810 178 606 -642 355 557 420 461 328 175 604 983 502 -901 -704 982 -96 638 -155 638 -337 674 961 497 333 -505 361 -608 879 900 -645 177 -513 -316 300 591 497 530 228 -76 -164 -655 -804 351 -47 -396 425 -265 112 802 -945 -737 -345 -673 544 201 -379 914 -793 -614 57 -969 462 -200 522 581 -897 -189 176 -367 -558 988 -13 -936 -735 508 459 946 261 458 352 -437 915 335 784 50 -533 447 -437 971 -311 534 710 506 -552 -46 -728 553 -481 772 874 334 319 -722 -9 -330 
-540 548 229 -865 665 148 577 800 -672 575 830 -272 849 -700 683 592 410 175 323 645 -583 708 330 -957 -149 -581 -232 -471 -543 41 483 -537 860 -947 -170 -54 613 661 -446 -737 -897 399 865 701 -390 -25 957 -172 246 -685 -198 355 -747 134 -984 479 -102 -464 -58 211 939 -22 -704 843 649 -206 -718 -30 -670 -426 -642 -51 -239 -957 30 267 632 -683 970 -470 -268 703 -172 -653 636 752 -842 -167 -659 748 -243 -285 -809 -33 184 -624 492 363 686 193 54 -995 -382 752 187 -416 697 -268 -462 261 298 -141 -176 -823 -556 -494 -339 -733 833 688 -80 -615 -737 313 928 -961 -291 578 -253 -425 -182 -281 -226 -40 219 -343 -902 -702 -260 881 -666 -790 -553 -182 
853 -281 -234 -113 78 -489 -246 818 -617 733 -230 540 -887 -635 -691 480 -281 32 750 -499 -114 828 -633 491 73 145 611 -546 30 55 -869 370 809 -44 845 -999 745 -464 -678 418 71 603 915 -777 816 -434 -912 857 118 205 882 708 -249 -813 -586 -985 -255 -35 162 265 -506 -345 423 104 -813 30 -762 -114 8 260 796 -622 276 434 -542 649 -873 -336 -425 -58 258 810 679 82 177 -324 -926 880 6 767 -55 844 426 962 765 -999 -393 -760 521 90 -2 -184 161 580 -809 -560 -195 -237 511 -442 425 -90 399 561 -873 892 516 813 805 913 639 168 258 -567 741 -509 -933 574 -78 -249 667 416 50 -452 921 923 144 399 800 -2 -301 -456 -577 657 
-832 -573 365 254 204 -609 -742 -827 44 -216 -581 971 -318 660 260 -641 306 568 249 -425 -380 -847 -561 646 314 765 170 -29 457 -459 532 -676 206 -801 -198 -177 -505 287 -926 -572 -189 -307 903 -227 -746 704 332 -1 134 674 -514 136 -230 65 -459 868 -254 770 -774 -42 -838 161 126 983 786 888 300 157 -61 249 12 534 127 676 19 49 -490 -148 -132 547 418 -837 327 -35 -552 -964 858 493 805 512 636 192 -192 272 -285 -538 566 911 -491 77 -89 255 266 -173 496 -834 -146 -18 -166 492 541 946 -161 -760 -93 -718 927 -265 -965 397 768 -591 -490 305 -582 296 539 245 199 885 -408 -934 735 -553 425 157 111 474 -693 985 48 631 131 -79 
475 205 9 94 -393 -467 -682 142 -466 705 343 738 715 652 420 340 55 81 -36 814 172 927 237 -820 474 683 446 -389 -867 89 -770 406 855 465 343 401 3 -529 -323 51 136 -679 52 -620 310 -597 66 812 694 330 696 -327 199 527 401 194 158 -448 -806 605 335 -788 977 -503 -822 -792 255 303 -268 341 624 71 -439 -49 -936 -585 861 724 933 -312 552 225 -282 462 728 578 -175 -679 -424 600 954 459 586 373 481 958 -623 -30 -159 573 167 607 645 -955 -971 344 696 883 953 957 -532 156 527 -807 -601 -532 -124 -853 -177 -676 -726 -910 -743 721 495 -406 -572 -492 -142 831 272 975 -922 -399 992 -818 -394 -584 907 240 -427 -164 542 -908 
-544 -674 -383 833 297 267 375 -452 878 -587 -637 306 -304 -255 -989 96 -246 -80 -373 781 567 890 436 -226 971 461 789 694 118 141 952 766 -119 633 831 805 -404 787 -160 500 674 -692 -276 -297 126 183 39 -241 934 -816 -845 974 -611 85 947 -80 -401 -708 -18 534 -581 573 -182 -61 35 -385 532 571 -310 706 -826 234 -5 677 554 575 -1000 703 40 -408 248 -836 695 702 -736 333 915 88 -162 778 77 -786 -56 85 298 -868 90 436 606 -34 423 -266 166 -988 -34 354 -123 461 957 891 -604 -591 -521 -33 -651 -631 954 -439 130 296 191 -285 -715 -615 -995 -279 -578 951 35 784 -509 -356 764 807 -90 288 -817 437 981 546 675 -598 258 256 
-268 6 -398 -762 -932 321 -676 -448 840 -811 901 38 -615 -306 -256 709 375 -761 -885 358 177 -30 -129 -800 -953 -539 30 -588 -538 -229 -43 -740 553 -861 618 208 -490 796 204 -84 -585 876 -98 -326 93 -927 -461 -310 -631 -452 67 904 -666 44 -791 5 -642 -150 -421 57 465 -873 298 564 -120 390 167 -579 -804 977 -591 415 136 -846 -581 117 -789 526 -156 916 952 378 -517 -874 621 -585 422 -231 679 390 -80 370 79 -120 438 926 10 -68 -64 655 -336 -78 184 729 455 -636 237 -98 -188 -204 -669 774 558 438 -384 -728 -278 488 -181 485 -274 800 484 91 937 -4 891 761 263 846 146 -127 -702 965 394 -628 -829 455 -141 -919 938 -428 185 -102 
413 -765 455 410 244 -191 -256 -969 -369 -838 159 -41 144 -250 -197 977 880 -32 -181 -780 804 -218 632 41 -981 941 -935 -462 558 370 -301 -360 700 -158 62 578 563 -242 34 412 -482 405 49 -458 -232 -433 541 -436 491 -532 745 -194 166 164 818 294 -702 -726 -261 -46 -798 49 -377 -296 -162 -756 959 -456 -972 696 -275 -114 122 -667 -21 849 830 164 487 -823 -876 -560 -977 -569 -869 48 -575 374 -544 434 -316 -996 -486 -318 -954 -459 867 -502 -842 886 227 -338 702 -4 114 851 -764 844 641 498 57 -564 918 -247 294 -430 658 805 562 661 453 268 -360 -588 352 -480 -241 271 208 -205 716 952 176 422 -383 -996 210 673 -573 576 167 -661 840 -936 
-160 542 784 396 -406 -318 -111 703 935 -272 -256 654 533 -596 694 761 559 139 905 317 200 293 204 -296 751 647 957 421 -144 881 -950 921 -926 698 -86 -652 -771 -430 -535 997 -85 197 763 -487 -749 123 -143 -618 939 795 876 390 -139 473 847 902 -965 -711 372 -798 335 -775 -470 -299 -436 -868 -553 85 168 -16 -897 -862 -988 72 -546 -327 510 129 395 5 -293 64 361 -824 517 111 384 585 -538 -580 702 70 -762 -927 703 999 356 -616 -611 -946 576 426 -363 -103 -208 -306 -406 662 503 746 795 -180 -382 993 177 598 -843 -751 -72 982 -209 355 216 -480 351 -948 -968 790 -89 -302 -492 -153 -973 863 -153 909 -891 -937 -823 536 -251 311 -39 99 
-50 -980 128 -168 -637 882 460 -923 -79 417 387 533 -381 -330 955 532 -101 -602 199 -560 321 -150 -481 961 175 236 -325 -133 56 114 780 696 -275 -842 -960 721 -248 -886 803 868 -220 -762 -52 -908 -294 903 889 505 -721 -603 -912 975 -171 406 584 610 -986 -981 -255 -299 491 566 -729 -644 843 -602 326 -104 -189 -854 -412 224 -794 -466 -968 223 -185 359 501 662 -669 -969 923 -481 -482 -376 407 252 -955 518 -540 -658 -159 -532 564 712 433 800 -503 -628 -609 0 -718 -411 178 834 -117 183 594 -63 -756 -134 368 282 -396 297 -861 -728 -486 801 -940 700 797 -432 -221 -680 -788 428 -809 456 229 598 697 311 -301 -728 -103 -289 781 -505 -769 305 966 465 
91 -799 -221 -595 231 375 132 -112 679 168 -280 -372 952 92 -912 -282 -778 -886 -841 445 138 -810 -172 -682 -658 -746 -202 -312 675 -627 -489 292 535 -322 -904 112 17 -364 281 -449 -739 -691 860 -733 -424 484 670 -868 -924 -383 752 680 166 288 2 -565 -688 16 -745 136 -676 842 858 -688 -806 496 -107 560 137 -84 21 32 499 794 877 -654 900 -703 -326 -79 -580 -575 286 819 818 454 776 -87 -4 915 567 342 -340 -56 844 498 7 -478 785 -912 811 62 -283 167 -322 338 37 485 -627 156 -370 -74 -472 893 -177 570 689 -897 783 624 -363 -171 108 -50 103 -128 -34 -222 -837 -287 -796 -308 879 757 950 439 325 -398 804 831 -656 266 -259 -298 
-564 327 -705 -742 -257 -962 -880 -48 138 -755 -308 -295 928 851 -790 266 913 -805 947 -417 587 477 -929 -893 -204 -944 748 -612 436 -966 693 23 488 -296 -347 606 319 -265 -313 975 509 95 9 -200 -35 832 687 -528 -73 413 -602 336 71 120 -845 -489 158 -536 254 730 478 690 -899 -529 849 -671 144 -373 600 974 -579 -34 849 338 948 894 -400 -372 214 -105 -491 786 176 443 725 109 147 137 274 783 -709 -746 -218 395 -112 31 -305 228 21 36 -786 229 51 -961 605 -982 96 -483 -647 812 18 67 709 -622 -517 351 399 1000 278 214 769 581 34 -8 523 905 -487 -557 417 189 392 -723 -854 649 903 402 826 250 -915 -891 -450 -637 -165 -869 
-245 248 569 -499 -107 169 754 990 891 466 -467 136 830 718 -235 -139 -71 -652 -460 298 -997 -326 650 -259 -376 -231 269 -307 50 -568 765 556 -339 556 276 674 400 959 -531 726 -116 644 -175 736 491 -584 -936 -624 51 -434 -242 -244 680 574 667 257 -675 394 676 431 589 575 -260 918 190 380 -457 525 -311 -598 587 917 -656 -954 -223 298 -36 -582 624 460 855 586 653 -635 -58 999 321 -16 -89 -994 615 -802 -934 965 2 -955 -390 -779 254 655 -201 463 590 -919 -179 -414 -188 730 -303 299 -650 943 826 -251 -933 -145 294 -739 -366 742 683 -774 -38 192 -744 -359 -793 -600 361 -349 -705 993 -380 -621 -798 708 -522 652 992 -675 718 -662 693 -189 
-959 -104 -86 -252 595 -688 -524 -33 190 -758 -867 -67 464 159 725 832 473 -843 -315 -397 934 236 173 -623 260 137 -563 -726 985 -154 -7 -650 609 -319 977 -960 646 724 724 -639 -748 960 238 -306 524 251 -739 685 471 773 -265 -529 57 -662 469 252 429 923 867 -548 752 -496 -842 -796 -558 595 941 -992 222 -343 -631 50 412 -883 -388 -121 -570 -678 -148 -473 -69 248 -173 176 339 739 22 -389 -123 512 902 113 -470 807 -894 -302 -239 147 709 -872 -696 836 -959 824 778 565 -154 -868 262 416 -489 -961 509 889 -858 523 -581 -613 -158 -650 -173 -780 836 849 636 -285 105 -483 629 285 672 -41 -515 -658 584 -428 -623 -905 -550 808 71 333 591 132 
953 -812 -929 -872 795 -287 943 462 -376 -893 111 -150 -518 -471 -55 57 -842 536 -412 -154 185 424 -760 -712 -290 943 794 335 -433 545 900 -829 -833 -555 -316 578 901 -802 953 599 774 621 344 -427 96 -698 -462 86 -552 732 -634 -321 729 -307 -578 932 -833 -412 681 1 -775 827 -721 626 183 997 869 -345 -517 743 -721 -579 -425 -659 -626 529 689 -83 363 8 390 572 116 470 -931 664 -788 305 939 78 536 122 -798 612 -660 408 -580 -744 -613 974 -255 -994 -748 -786 -493 869 -978 923 913 -792 -531 475 360 -73 -676 288 622 -867 -181 51 -548 -805 921 909 -24 -97 367 583 187 -786 -385 784 292 -490 -260 -299 -960 -945 -347 -1000 -91 -742 -421 129 
-330 755 373 666 254 730 -706 135 704 -293 -136 340 -56 223 294 -184 27 -361 127 -307 844 796 -624 936 493 -90 665 -185 166 -254 302 3 130 743 -938 792 -292 -11 -440 62 851 -654 -297 990 -651 386 462 -958 83 -283 915 -531 263 621 311 183 390 -233 -990 -718 -941 -763 285 118 64 355 879 -641 768 -662 214 -286 -597 -143 -659 -881 649 -710 -607 744 -558 305 -277 -945 -934 -349 -52 961 782 -181 -606 398 265 -704 898 279 233 7 734 336 -838 971 751 857 -145 430 593 105 323 653 382 -669 409 146 -375 98 340 -905 252 544 969 -76 -775 101 -643 81 765 -723 -812 -855 -707 943 -279 -969 402 904 38 101 -615 828 630 -387 -923 -788 
-506 -436 -775 997 391 -286 690 -49 -741 416 -437 -352 167 141 -180 -515 681 -212 -144 -72 293 -840 619 909 113 -347 -287 -883 -994 -710 707 807 -683 717 268 106 -469 100 204 -38 821 685 -333 709 -185 -294 -18 186 -356 -913 -16 178 -558 -152 -464 -221 -585 -748 -86 -915 -17 909 -543 211 -530 -582 -71 979 -942 18 -655 -828 -64 -101 72 -188 -384 381 799 151 808 7 -255 886 63 587 148 452 -663 -969 -857 819 235 -726 953 -368 170 819 77 507 611 926 746 -664 830 -237 970 -58 -351 -482 362 -77 -528 -343 -833 337 887 -774 65 681 -932 536 -967 -165 -438 -398 30 884 -149 257 37 226 998 104 -846 -874 563 812 -610 873 -871 285 -868 -225 
-299 812 -936 -192 52 -667 -893 415 -814 -782 -658 -193 -801 -683 302 -658 238 509 -185 -351 450 360 968 -608 939 -597 578 795 53 -16 -524 419 646 92 531 -541 288 916 -941 134 -225 -754 -364 -535 -629 613 -593 64 -550 244 -537 -386 332 -205 -504 815 -327 -985 173 -58 -196 -165 177 366 730 280 491 -25 589 260 690 364 -786 570 -557 -733 -284 696 -866 666 -81 -896 261 -267 -572 -452 -846 205 -782 676 -346 0 70 -543 78 -398 950 -276 -375 150 -745 354 -471 567 807 297 206 -536 -424 -499 -260 -376 40 -720 745 -575 179 -775 282 -440 427 394 42 622 565 -401 892 -90 -807 250 129 -9 -397 -492 126 126 -929 358 994 364 586 -199 -681 -654 
-375 -504 172 62 -142 -912 -578 788 258 -321 492 556 -896 814 830 -150 514 771 -873 -97 -609 417 665 -339 -703 648 820 755 234 -939 -737 -256 685 -63 -494 -478 -483 -753 -95 -345 566 -142 851 -708 912 -885 910 -289 -916 446 202 671 -465 -832 -378 394 557 948 -81 122 414 68 -499 943 -143 -50 776 -842 -559 -733 388 987 653 685 -632 -58 -901 -40 231 -675 -245 -226 123 -954 -297 475 759 -976 -870 -582 475 -766 656 697 21 -207 882 846 777 -165 25 240 -218 -706 67 604 112 -218 719 155 -427 478 -507 360 -991 -415 -871 -701 -744 -721 407 -50 579 477 792 -249 -594 -37 -355 544 -197 -46 561 -330 37 -475 -232 825 -596 -473 265 -520 -420 560 
-709 759 187 -316 -49 -198 167 -718 73 546 385 822 -518 71 798 158 238 -659 -469 400 -485 -555 -51 -983 -903 -487 -781 -849 -505 429 -875 -701 -527 315 863 -143 -908 714 -598 -621 -662 -676 83 -291 585 283 -479 743 209 102 298 -905 173 -708 167 -393 953 4 -668 -723 -92 496 281 -109 28 -749 -798 -893 -259 -62 -953 -759 -83 -264 -521 -992 -263 -120 136 379 928 -961 239 71 591 222 -425 641 259 -878 284 481 -582 645 309 -524 -459 942 -169 -7 278 -803 -723 -836 167 -99 -627 826 -748 -297 363 623 -54 -54 -956 -794 -329 634 -681 -306 6 -425 735 689 -63 -209 131 -552 978 845 424 995 -7 698 206 -737 429 263 -667 578 30 901 -909 885 
-294 -633 207 15 268 -174 805 -823 -172 -863 329 740 -348 -191 -590 807 23 278 -220 998 487 -504 -404 -221 241 -427 -105 -343 693 563 -984 576 79 395 -818 507 924 -748 983 499 -428 333 -207 -517 -574 538 842 303 311 496 422 530 -266 446 -845 -188 166 -965 319 -291 99 -864 -507 581 27 -633 385 -932 -324 31 205 119 -803 -704 960 -358 736 75 393 -699 -586 877 -96 102 950 431 -265 -365 -94 -532 -771 -216 705 -303 -82 711 203 -589 774 192 -395 -706 -600 -635 -918 -959 -639 0 890 -865 -487 0 -144 -797 201 -374 -800 -321 373 385 263 -530 -720 -75 879 -569 38 -47 -610 407 746 -385 661 620 -372 -952 -288 -852 -943 121 -221 427 -643 -873 
257 936 459 -571 732 -415 246 -39 655 -833 703 -294 -102 905 525 -655 -120 -111 603 -269 -962 300 994 -118 -910 -871 694 72 537 617 -373 806 -203 -827 -769 -485 -342 -424 215 -503 766 -856 -832 -853 -129 516 516 930 -49 547 991 -826 -703 -124 -210 -688 -976 -833 121 -628 -807 837 850 -769 -999 -406 852 -967 -92 45 410 572 -116 -842 -734 763 951 -752 -937 728 -886 422 589 -656 353 -476 131 75 -467 579 -464 661 205 730 96 392 -374 -152 83 156 -531 -390 348 814 861 411 -843 -226 -933 -383 -538 -337 -951 -777 -716 25 709 534 611 -76 -739 454 334 -568 598 -878 25 -715 -38 913 -557 -439 721 -590 411 763 365 177 -386 991 885 789 -38 475 
680 295 372 -648 432 42 -146 -333 -566 740 837 95 375 -100 -751 919 -579 -764 -803 -872 -546 -315 -310 240 -246 -619 121 441 -472 -311 -43 179 -804 -722 -107 315 -69 -41 156 -148 -527 79 -956 -739 569 932 821 -357 -60 464 -417 672 410 456 872 -73 792 -177 -318 -192 692 -285 782 -623 707 761 -884 -578 550 779 561 -697 -30 -188 358 -134 -605 -505 155 -189 515 942 578 -410 -189 -120 78 309 447 -431 -38 361 -314 884 -685 -412 5 -303 915 711 -636 245 -120 610 -843 728 -542 566 -205 -918 414 -150 -769 90 -123 -163 -735 588 189 172 -603 229 -145 732 27 961 -553 504 310 816 369 -777 -728 718 648 121 -168 -527 -637 909 919 885 323 -298 
-210 -459 -831 860 102 -64 -219 -327 -312 -885 398 221 80 875 -821 -304 374 55 956 -236 655 -174 -805 -746 122 -526 -783 -140 778 467 -78 -509 927 949 -164 182 -603 42 -22 -775 49 -448 -231 -515 506 -825 -413 -27 -309 544 70 -887 723 -481 -207 704 320 -244 378 928 409 252 -347 -542 944 359 -118 -18 386 -530 770 -386 974 57 -535 772 -790 -581 -680 -231 -929 -918 -86 197 -718 554 507 -474 62 643 734 -392 321 819 -432 -904 -113 820 171 -644 -497 -85 510 -536 602 11 -149 697 629 -503 -841 -804 133 -121 503 715 -469 573 783 22 116 539 121 854 -777 -671 -929 111 751 927 66 -355 -298 957 867 -223 -230 -252 -11 260 -636 -176 971 -529 
771 465 -143 315 -663 441 521 603 -796 867 954 -530 -419 -252 332 710 -348 24 169 113 191 946 -493 217 807 454 -320 240 -962 706 293 528 794 -854 456 71 -358 -300 726 -464 278 458 -437 -606 162 288 799 616 -14 -717 -84 669 867 325 -832 521 921 963 -290 246 743 515 -90 75 321 -74 -815 814 352 996 -592 -541 -590 -553 -677 948 -139 -954 -514 -328 567 97 -971 957 -706 -26 -193 53 633 -785 410 540 428 927 -315 -474 -658 643 928 175 -792 919 -577 645 -312 485 -10 406 -226 486 178 -492 683 -874 14 -691 215 508 -380 -896 -424 559 638 768 895 697 -463 671 102 856 -522 489 504 70 -795 -628 736 -41 -519 -993 -94 -348 731 203 
-557 -436 -134 -301 494 334 965 196 525 -452 99 -383 -903 634 -389 -208 520 511 257 606 56 -77 -388 752 480 -904 -728 126 -71 473 845 76 38 627 -458 -92 378 587 307 -403 352 -221 120 -417 29 -439 139 -609 83 -84 141 -412 484 691 359 335 300 -530 224 -391 257 187 -560 -620 600 771 -400 523 928 681 -627 -269 -498 490 -815 -35 294 726 828 -452 -70 -951 -609 -673 -175 39 135 -639 -97 410 690 -537 764 837 790 -68 -649 487 221 -723 -265 967 -648 -595 772 250 386 -586 -887 -490 -181 784 525 -91 -399 -197 638 302 -919 -518 -714 663 213 -378 187 597 663 -358 -661 547 530 -336 768 -663 -284 761 -496 964 712 -912 861 -113 228 983 
-247 -704 103 -504 107 768 258 1000 -968 984 97 79 -150 -478 -228 -505 -89 990 -367 919 938 694 -955 841 -652 -111 -925 765 364 134 -263 628 333 736 596 -840 -139 -622 340 336 -135 493 293 656 -982 -170 675 821 -186 879 -342 549 -488 920 457 519 -285 -772 144 -632 357 -860 870 232 -96 -299 144 38 632 -404 -451 -143 -164 -832 556 -913 -370 -638 -776 -988 953 624 -524 -573 637 5 971 -839 869 916 -998 702 139 -228 784 -710 114 -862 -1 20 -726 984 -105 535 -681 -919 -812 -641 792 270 88 502 -516 -910 685 81 -879 967 961 -227 -799 -634 -761 766 156 -537 -39 -652 324 419 -242 -775 338 -737 -203 166 -483 199 -464 265 426 407 813 332 
251 152 -93 -19 -367 -578 -342 -446 435 811 881 -540 -119 -973 -272 197 162 443 -539 771 -93 -199 -865 186 -121 395 -848 39 -607 9 353 -852 -717 159 145 211 -984 415 94 -306 78 -256 -581 -68 -120 -745 -976 -271 170 623 -135 -908 -994 199 66 -240 -235 311 -619 -600 -822 909 532 -411 703 954 205 930 -844 -816 -594 -280 451 161 -306 -829 18 303 -1 1 -482 -453 700 -178 -23 -962 847 -117 520 -467 -971 -755 403 390 -918 69 715 724 -191 -492 -946 -472 969 -275 -876 90 640 640 -312 643 715 812 992 167 -31 -712 821 338 326 -875 58 -334 -368 -275 303 -407 762 -378 587 804 45 -764 -336 925 416 -920 -230 -884 -696 724 -870 -828 411 -570 
-165 -141 605 491 730 -726 -404 175 613 -893 481 -911 710 288 -86 919 925 -639 -665 507 465 49 873 -123 -534 827 -856 26 700 59 32 85 671 -183 366 415 409 293 278 984 -878 -951 -370 795 266 -324 -358 -763 548 469 982 263 824 960 892 -724 -575 -391 691 834 -976 -8 -393 518 -518 568 -89 -264 945 862 -175 -519 -318 -593 148 461 487 817 490 866 536 -224 784 -670 -456 900 -738 757 364 -58 284 597 -685 115 333 779 -497 -395 144 -1000 825 794 -429 981 -534 151 -247 482 937 -184 -490 -398 978 -242 -409 -174 675 -553 254 -277 165 -200 284 -560 -445 -203 835 -37 84 -30 220 606 991 -838 881 -253 423 -671 628 531 -31 578 219 -661 
-104 71 -328 -460 861 529 429 614 311 431 935 -286 749 -818 150 -916 -591 718 -752 517 266 -764 -502 -201 -451 626 -829 415 -11 -678 94 417 644 793 544 687 722 -22 703 10 183 -979 685 -170 -356 812 -661 -474 -45 356 697 98 871 52 -948 -845 -434 761 46 -121 852 54 896 966 515 -84 709 758 900 108 -406 971 122 -854 389 -339 332 23 -250 281 -212 -742 399 -599 727 475 900 -440 -116 -594 -557 977 -935 447 -213 526 -145 554 -793 268 -666 338 519 162 595 -682 -231 106 364 713 -639 -212 -653 -482 751 674 -514 225 80 769 -552 -347 -102 345 -634 869 637 -97 233 -718 862 757 661 671 987 29 564 -927 -140 397 573 333 -604 179 
800 690 -867 -734 276 -539 -703 -34 973 -802 -284 -31 61 378 802 -158 -949 -989 608 -732 -422 -442 406 335 -840 -259 164 -975 650 -711 -948 542 -419 442 993 497 539 -808 -278 -830 -240 629 355 277 198 -994 385 -17 165 -364 746 735 658 -270 922 157 298 -68 -116 278 -761 672 882 740 269 979 -5 -700 869 288 -489 -897 -972 -39 -181 699 333 966 346 -427 893 -965 -815 -148 -751 441 10 -868 -546 -90 -413 -815 641 -720 -507 -554 -175 271 -176 -867 662 -819 -869 424 102 -848 -235 -760 -273 725 995 -444 669 -770 581 147 -295 -139 -61 382 -525 24 117 -862 -248 -876 -381 -660 -904 -868 26 -346 96 -782 -491 443 -937 -203 969 574 -904 119 73 155 
319 909 880 -457 -368 -368 382 -870 886 -207 -605 916 -280 -497 109 488 -675 -5 992 -63 -781 -803 237 -403 880 -129 636 273 303 -431 611 -57 568 -923 603 -917 -138 342 -233 -501 -711 291 -745 286 -196 356 594 537 538 -628 -959 778 -892 -909 -493 -505 834 22 960 -795 -314 -619 969 826 -766 950 -814 245 632 93 959 -568 466 747 564 -289 855 -833 -26 690 665 -990 855 107 -244 -762 -597 -467 544 914 413 -677 753 801 438 -134 -441 -808 111 953 481 -59 -388 -539 669 195 -157 63 798 -988 -538 -345 282 593 49 435 -101 -750 437 480 125 -630 -259 490 780 -659 537 805 684 836 -307 -17 -373 -879 -78 540 174 191 291 193 -601 -705 -86 -66 
-95 161 478 -264 -194 298 457 -561 -405 -702 -12 192 -651 587 -882 467 -543 697 466 929 -879 527 243 -199 -316 -133 -801 -246 723 547 330 433 -295 -6 -806 -77 -189 205 491 552 -20 43 -675 -652 16 -555 977 512 122 451 773 -117 -150 824 370 -327 -836 -692 613 -703 720 -413 417 -640 -232 -909 -236 -235 -540 -360 -627 -792 871 -849 568 -438 -629 -487 707 184 -203 -122 532 -343 259 656 -435 296 -236 -902 222 816 -107 -104 -110 112 -669 129 440 -288 -217 293 -467 606 888 597 224 -692 -903 347 -909 -690 -569 3 13 390 826 -147 -425 188 645 685 124 339 500 -244 819 -194 -478 241 632 -922 376 -30 -358 -216 -711 568 714 22 204 -686 891 -231 
-829 -213 -716 -28 -218 896 755 -321 -669 392 316 -126 623 41 -573 847 189 772 -453 -870 53 -747 800 -283 -42 128 456 -982 549 -665 -168 -527 145 -885 639 -325 -985 -353 -261 839 -170 734 -159 594 -45 557 309 -951 -760 186 -938 548 -454 -416 -199 -957 694 -862 876 -413 486 -767 665 554 232 81 -927 -904 -51 -782 272 195 893 945 -430 -561 765 147 -579 123 879 991 351 138 935 125 -615 326 -707 -99 449 -124 -171 -667 -228 -757 170 517 -181 180 -289 -879 430 -821 -160 392 956 80 -577 303 526 708 780 771 211 943 496 51 484 -836 -106 -470 718 855 139 596 -361 -196 609 -641 862 -306 966 -336 -507 946 -967 222 -598 794 -838 790 969 203 
288 347 -492 -389 -227 -366 28 -235 454 -712 -10 906 675 -770 -905 710 -907 -438 395 -297 -900 -548 -350 -699 199 119 -773 864 -944 293 -852 -976 917 409 829 -862 -204 911 -793 195 885 -818 -179 423 -639 -348 -592 -692 -437 806 728 -589 -82 -247 -839 335 -755 -511 402 20 -445 -509 -503 709 -453 101 305 -579 -96 13 -249 -98 168 687 -216 -586 312 950 -46 -87 725 -93 481 896 -798 -625 -18 -797 -305 207 658 -587 -229 -241 -59 -223 712 -28 305 -69 -865 962 535 210 97 337 -348 430 412 -853 691 -71 809 282 675 -125 485 -178 -1000 847 867 904 973 166 -462 399 -964 121 -368 -773 -999 -265 -668 501 232 -323 493 -733 -973 -288 580 359 671 -464 
-879 -583 -611 695 -116 788 242 863 209 -877 837 -44 -88 -351 972 -555 -725 -933 -319 948 407 780 206 86 720 -281 169 -359 49 285 86 -966 -967 -214 348 -670 -241 921 -674 764 364 -280 248 538 -37 340 900 -760 956 -983 -309 -253 586 -690 -474 -472 917 282 887 272 463 252 -798 -855 -252 285 867 -840 -812 -812 -347 978 -57 164 254 -785 -226 -138 868 151 246 -34 331 -413 73 931 -471 600 386 528 796 -985 862 277 17 -5 -423 183 319 -55 -279 -924 577 -609 345 -622 153 288 -603 946 -670 -417 -133 548 815 805 -129 973 451 -299 -572 168 723 279 -361 26 481 23 -998 15 -10 222 -246 -988 323 268 467 -275 -16 989 -720 -263 937 -54 
-814 -141 -204 350 -469 256 -768 -369 338 -15 181 -903 312 916 294 316 748 551 766 348 279 -65 -992 -890 -699 -490 -772 -205 694 80 -535 356 -384 439 154 926 -496 -814 775 158 268 -602 832 -449 -378 434 45 894 73 728 -249 -540 -820 -671 30 539 416 -550 824 839 -373 844 -215 37 -249 -66 -788 -801 -405 504 -892 -456 -350 -523 -177 943 -613 -997 -980 -988 -75 332 -849 181 -856 959 -509 -453 456 892 -279 429 -288 679 467 536 -468 739 -615 -207 -480 959 -567 970 119 254 -33 -373 524 267 -11 839 -658 868 714 -333 468 -373 -47 750 -379 954 196 350 107 816 378 604 437 761 190 -871 -960 799 243 844 314 516 407 -887 -8 -960 949 -600 
590 -255 -600 -529 -178 -835 -222 -647 728 564 569 -358 989 -857 -889 -147 -380 -713 -396 -986 225 646 -719 760 482 467 -542 683 -670 -376 -310 566 -372 556 -330 -484 228 -19 -788 -979 800 640 461 -48 -826 481 -868 40 -174 -77 -977 -735 403 186 -948 -61 -316 157 -812 -473 502 314 -251 -221 534 -73 -557 -522 -813 -743 -187 377 -883 91 -217 -18 -415 809 -52 37 754 -466 112 -582 -122 -565 707 498 695 -247 -341 -52 37 468 85 -358 -308 -846 -542 -689 -694 68 -223 984 397 733 -935 -237 -925 297 -880 837 402 -269 408 -371 950 355 -765 -706 558 250 -27 880 -283 524 -972 -146 -911 560 -964 136 556 966 283 75 -704 529 -387 -690 200 -919 -355 -98 
