104 63
-36 512 121 637 -323 -309 -115 627 -56 -289 -230 -205 -24 -932 -414 167 -717 -90 -225 -284 -376 323 661 703 320 150 315 -432 742 386 244 -249 664 959 398 528 264 578 217 -253 -394 -463 -329 246 941 696 785 -327 -340 -881 958 321 319 61 86 -613 -30 -80 -382 662 95 415 -647 
797 462 -217 953 -380 716 392 -844 -346 733 462 955 -754 -595 -829 -288 -612 -550 652 -942 -657 -134 310 -708 -499 -931 -117 -28 -234 908 867 59 -662 -964 -818 -211 765 -454 -399 -602 2 207 -656 801 586 512 455 -874 487 529 186 -641 777 -625 -6 -710 672 -480 374 -165 904 159 -967 
-639 -704 -293 751 -807 439 301 452 950 737 12 807 -777 526 929 933 46 353 951 525 863 374 -917 910 -284 -7 399 8 522 -829 -91 -774 820 -825 757 646 915 806 -19 644 833 -606 658 181 -301 -777 -527 437 -474 580 204 885 629 667 -657 124 49 204 -554 -986 842 -333 97 
-277 623 -31 -213 -497 -568 13 786 -895 985 567 -554 118 -765 -32 205 450 -947 861 364 -512 -44 -730 295 -561 -51 433 -29 -182 -415 80 435 265 146 549 399 -539 -179 679 -287 27 39 -981 713 -205 -846 -122 -417 122 -63 940 964 -345 -443 607 740 69 283 -433 488 157 -739 -328 
-23 923 -147 440 331 -913 83 324 600 -546 -28 -59 -702 101 116 211 83 340 107 108 -992 -957 -307 -15 424 -408 -293 -912 576 -871 959 508 -34 79 814 -432 -912 310 312 569 324 -97 -633 -520 -811 -23 891 -413 837 -843 -116 -320 436 -12 698 115 986 118 -593 273 628 490 523 
835 744 36 662 620 862 -34 554 -646 -103 -253 -284 -956 428 143 371 379 -2 367 -667 -699 904 -598 -38 -521 627 195 -132 42 906 -161 -751 812 -433 65 -948 919 462 570 292 -58 387 897 -130 993 -3 27 -369 -55 458 236 576 -807 107 -494 -317 82 542 -793 -406 -991 795 126 
-895 -518 617 762 721 366 541 779 546 869 78 184 -444 -475 -939 -205 791 323 705 315 821 852 -291 -980 -775 341 19 -798 -993 111 -655 486 791 -958 226 -39 604 -861 -296 111 945 269 56 -733 186 -506 910 527 -791 482 -210 952 -422 -850 -661 786 475 531 -277 -167 528 494 249 
329 224 283 363 -42 -476 -544 804 117 -510 95 209 -527 -443 -438 -648 -27 632 -926 236 -394 -932 45 -401 -591 923 503 961 -515 401 194 673 834 -188 -117 42 -823 -243 791 -987 540 52 835 -763 -811 -555 51 -696 -102 -127 28 358 356 949 -420 -349 763 461 -927 491 551 -95 -961 
440 -592 809 401 -731 -382 -709 -926 631 142 -804 44 675 705 353 -774 -518 338 192 199 938 12 -911 729 -255 439 -277 828 -773 626 -650 -563 988 407 -713 529 -909 -448 -864 -231 304 -476 908 -799 352 -861 168 633 43 568 -840 -818 -343 -592 757 126 -720 -397 577 52 330 -490 -389 
653 190 35 -275 -314 -188 951 -410 145 281 474 971 860 670 -485 -277 499 -966 -549 674 -943 491 358 -930 -197 513 96 361 286 454 -318 705 -88 -708 -753 325 463 302 277 -56 -29 473 -715 -347 65 -154 588 817 -1 598 647 -410 -2 488 977 -875 580 18 576 -649 674 634 897 
-893 -770 -924 -430 34 -890 1 -902 -188 332 702 969 393 -991 716 -367 -225 -72 151 496 -80 -139 318 878 249 632 -159 553 -794 635 -693 428 -819 -797 -844 -690 354 -414 771 180 466 -386 879 673 6 358 -467 -722 357 -682 -609 -233 849 447 -379 -475 -127 -350 -799 271 120 288 -516 
343 -287 517 357 -867 -90 960 579 -275 -1 636 182 -54 307 -713 470 119 474 -980 934 -904 890 -570 -132 535 -869 -347 -514 -730 -895 -585 840 128 816 803 -797 -395 -549 -892 -760 218 620 -980 608 923 619 619 238 -867 -357 495 299 -192 966 423 -375 -93 955 -395 -248 -209 666 -616 
-256 397 -693 -73 -208 -152 561 -408 491 692 626 63 938 -683 -746 522 737 931 337 49 -572 -875 415 -471 434 -36 -408 380 -375 -704 -616 -610 833 -704 -337 932 -957 -991 -52 478 -516 125 735 -945 -20 18 638 -969 -945 -807 411 255 926 821 -735 748 501 -203 -316 -574 257 588 -534 
-94 832 -351 820 760 -390 478 935 636 -903 -375 677 478 170 -873 -366 744 -623 257 324 97 -87 364 335 158 -205 269 162 -533 776 -33 -212 954 -729 -158 -709 -299 -231 -178 968 -875 488 437 -711 520 -585 694 -938 344 -571 312 939 552 554 544 -410 -218 -195 -254 -359 946 30 293 
-957 754 -682 -547 -834 -540 940 -615 341 274 -715 -103 807 702 -762 609 -894 -213 -651 290 747 -791 -222 624 -994 -211 780 -344 -210 -841 105 -107 654 500 -171 -593 -65 157 964 108 -181 -182 494 -231 -928 -46 287 -321 161 -657 -603 536 152 -92 -210 496 -956 -91 -994 916 -920 187 709 
403 283 -83 371 -414 -521 541 -182 746 -458 -814 -892 70 -972 -65 -219 322 -689 -17 -690 -996 62 -163 493 872 -8 62 95 -590 545 -484 863 591 -297 456 195 609 -696 741 133 -647 -607 -643 167 -671 872 917 -74 63 286 319 384 -747 664 469 386 -500 -529 654 -22 502 404 561 
222 746 -308 -605 -853 -372 680 -441 709 -414 55 -761 355 917 -541 69 -45 -4 -925 979 -420 -803 220 -432 -628 -775 101 -22 -86 677 -725 926 841 799 1 180 -788 762 263 725 -474 -706 -827 -61 98 705 82 -642 -743 191 369 -398 539 197 -711 505 985 79 730 380 -163 -258 723 
622 545 697 548 810 -328 -846 -514 53 321 237 323 -765 -211 156 320 -367 929 -592 363 376 -334 667 -596 393 -334 10 -333 252 401 45 -690 -598 828 903 -392 470 -623 233 53 883 -467 345 -284 -86 79 211 -374 35 -94 -134 -952 626 781 198 879 -601 746 -648 237 -921 -841 491 
-433 -852 -792 1 525 660 -207 -633 -515 -910 370 -270 -270 299 196 698 -694 753 910 830 53 -925 557 648 838 -658 282 -623 -986 535 -876 -266 -952 -627 -921 -564 -133 -249 534 553 535 961 841 54 192 -957 -242 374 -502 -920 -925 -735 -768 -816 -203 -24 -644 970 -198 524 684 -374 176 
-721 789 566 640 -389 -811 -156 704 -623 -653 398 850 399 -270 504 -338 -456 49 483 -900 -481 -587 32 -136 -856 706 -710 -958 275 -329 442 -990 528 583 524 -99 964 -867 -659 -689 881 -469 137 -150 978 -145 579 452 913 -565 -195 417 40 -322 -233 121 991 36 765 566 377 -521 604 
-539 -870 532 586 -986 -812 695 946 -112 -678 -866 -319 779 173 -847 -14 -445 -249 420 -707 608 807 846 455 -318 -474 -392 -202 744 439 504 -573 994 -198 888 -345 83 650 -405 428 707 804 71 -51 488 201 434 -750 -485 376 -614 -764 806 -651 -28 -933 -448 136 128 401 748 -924 60 
110 -974 -742 -37 211 848 579 755 -237 -200 9 340 183 361 -339 -521 -433 -994 80 -665 260 -469 -972 67 -53 501 242 242 781 -454 622 -70 -69 -201 337 741 -622 836 479 -987 -985 -174 -503 585 306 573 207 -709 188 753 -778 -501 343 -33 368 489 -242 943 700 -771 378 86 261 
-908 -643 -914 -708 136 -859 -236 -861 84 181 870 -97 22 -601 -4 -642 -557 337 531 821 -117 -961 900 66 411 -259 306 -275 -915 905 429 -458 -958 594 507 516 756 687 -455 -874 -481 468 -779 -905 -982 944 134 109 86 -561 307 -307 627 -294 697 469 -336 697 874 -402 197 425 -233 
189 -112 -364 -409 665 307 663 -683 649 -65 -10 -611 895 -843 -450 -604 -583 -742 197 713 -891 -391 997 127 985 -742 -827 -934 876 705 -693 -133 806 883 534 -687 -877 -342 812 -157 0 197 -771 -442 906 812 -187 -395 -500 -974 -573 -297 -761 433 -397 -638 618 820 327 -577 -627 -891 -52 
-664 -110 89 290 392 440 166 296 -859 534 -592 -706 705 -801 -331 -457 -76 -465 -889 499 1 686 -582 -37 315 -731 -863 -328 67 649 -297 -750 137 -925 471 552 -609 638 -901 755 -306 -788 -618 619 222 444 -257 453 -207 -147 118 48 56 337 66 -672 -732 -320 -991 461 458 -85 -823 
867 890 -1000 21 -342 -442 450 -902 584 135 145 300 -765 502 -960 336 -519 -313 -309 777 -428 -184 673 -885 814 825 327 -123 -869 961 228 53 -55 992 301 629 -601 211 152 458 98 -375 214 -942 -453 -395 761 241 -619 527 938 992 752 728 735 688 84 -29 890 555 -545 -399 -890 
-264 78 -124 55 602 757 733 65 -449 -750 -223 -233 -364 44 77 -142 -307 499 695 452 -395 465 -610 596 -836 79 -419 -56 -266 44 281 -347 -302 801 -641 -761 421 -34 619 301 -356 965 -505 -276 -932 191 -219 705 -862 -702 407 -551 -469 812 -460 -589 -318 -396 52 -600 936 28 -136 
-165 -423 -956 830 -444 -315 138 -424 91 108 256 -708 -186 -53 982 49 691 9 409 293 -455 864 855 420 -294 250 724 -226 919 177 -272 -414 -265 758 -237 538 -777 879 -3 375 320 396 984 -87 -302 -121 358 -986 -369 82 -792 104 432 491 -467 126 675 -981 38 804 -133 66 71 
898 -635 -227 1 -411 -551 -65 678 -29 -990 -348 -158 657 -722 -265 764 -721 -58 637 -755 52 267 733 456 110 -725 -716 719 768 595 321 76 41 -686 644 701 310 838 -368 286 212 -523 -617 839 -314 207 455 429 -9 -526 -710 922 -173 223 -719 994 199 897 -619 -824 -291 -502 -433 
373 -499 4 923 -825 -630 -733 -151 -17 426 -32 -565 390 -864 966 -292 519 -758 567 425 753 716 11 342 -23 -990 437 -500 -149 141 -307 291 -232 -325 -724 38 -695 -61 64 11 574 -528 385 334 105 -881 -198 -353 250 -315 -395 96 67 -691 -516 346 213 65 -291 516 747 -700 312 
-718 -302 -319 -707 -229 779 -844 10 -875 751 325 354 809 943 -137 -990 -256 -828 831 -122 -785 421 19 -734 -782 971 831 -867 126 -523 880 -2 -392 159 796 515 554 424 -515 -602 401 -798 761 -969 -516 585 -705 -23 63 160 -190 -246 -928 98 -381 -806 102 -880 -953 -257 -829 793 -166 
-681 -564 520 702 703 -571 -517 -74 -645 -42 542 -280 -515 930 -126 680 -822 -416 -328 -279 -203 -569 -970 -122 701 70 577 -426 615 -933 898 -926 -949 168 487 -761 -246 -932 234 999 980 828 290 270 289 -109 -688 645 -357 -791 589 -429 738 294 -261 530 -596 723 453 310 -148 -898 369 
-688 751 485 -639 -182 -686 348 559 -586 -964 194 557 -605 -484 -295 -166 196 -115 137 -480 485 517 226 -90 -484 -550 639 178 45 23 329 597 -968 921 -967 406 -961 223 988 512 773 -385 -473 336 -369 382 537 -556 -472 809 775 574 -738 -840 288 549 787 -640 453 -691 -573 397 -863 
863 244 -946 -159 -780 -835 -721 485 931 449 -652 -932 600 884 -236 -960 -211 986 -891 124 -134 884 -818 -894 744 976 -993 831 -371 -139 661 -352 76 -689 831 209 -942 -877 90 -949 -23 318 -668 -277 273 -286 665 56 -173 768 589 -610 594 -60 588 -73 -634 -511 779 942 -159 -424 -417 
154 298 947 452 -517 248 -205 -200 868 739 560 -431 -761 -237 -68 -734 -250 -546 -537 862 9 770 757 369 605 -502 -962 -606 314 -907 -21 814 -189 593 993 -967 877 -609 -540 830 -124 -831 708 926 199 -634 158 126 183 -217 -197 -463 946 305 -192 -177 147 -69 835 -361 -688 -648 747 
802 570 49 634 869 -259 907 -939 -929 699 470 -262 704 722 -561 -682 -224 -659 899 -679 -654 -922 -124 -295 -23 9 -963 249 -298 444 -45 -218 134 -641 858 -3 340 650 -269 865 791 -787 495 -819 -776 349 629 168 -428 -321 -883 -831 203 996 -711 828 434 132 -71 713 -501 -571 -525 
826 -925 -239 924 -585 -816 415 -189 -898 -816 -50 -398 -610 -528 778 -435 991 -25 -457 30 721 590 -464 763 -880 142 792 721 347 -1 252 -305 -516 -930 -152 578 233 -282 -679 107 660 -660 690 41 920 900 879 305 50 877 -538 -9 -292 649 -799 60 216 219 -932 13 115 274 929 
205 -44 952 751 -375 647 217 -78 713 -768 299 -736 -897 -377 852 716 -580 -265 724 846 51 -893 -858 603 380 434 596 -682 -762 -500 569 9 211 388 781 -463 397 -326 -514 336 -922 799 555 -198 291 332 -830 129 260 -738 947 -90 715 634 -501 -72 -743 63 -726 90 -80 -573 -186 
982 640 88 -948 -790 -895 -573 188 705 497 517 962 892 696 356 -89 409 -897 958 281 355 -712 403 39 -655 -348 -769 466 874 -242 141 -179 -140 424 451 -70 -423 40 373 -749 -643 505 -498 -159 -694 -632 108 440 749 294 -73 -27 356 -628 -200 673 496 62 -562 -772 -294 793 478 
-225 384 124 960 -368 855 763 -233 -46 537 433 -875 -728 -826 62 220 94 435 781 575 393 -969 553 -844 -187 -419 299 -505 58 38 842 -631 -176 358 -440 -703 789 409 566 -746 683 -322 -188 -591 -618 -249 -491 -69 -597 -398 -358 820 560 -418 -812 -515 671 -342 -145 -604 105 -776 749 
-794 365 -333 305 -391 539 48 54 466 284 -517 -688 -480 -324 355 -83 174 -350 -659 612 508 821 820 -231 -988 -800 232 -668 -450 473 595 202 86 -611 312 219 283 447 -768 463 3 781 -311 301 -803 -56 699 794 -596 -431 169 292 397 686 -260 -275 509 -948 -957 782 796 936 -53 
-291 271 -522 661 483 574 162 -209 62 -643 732 -788 378 -244 350 -823 -829 749 411 221 -91 -956 976 -901 -351 42 -93 175 -322 438 -110 -95 997 610 -408 -971 -464 521 66 -284 -197 -286 -682 -112 526 -905 -59 702 -185 160 795 -566 -532 -737 -529 683 -128 -49 330 272 664 244 751 
-424 805 629 602 -62 -296 -967 532 916 350 600 590 258 -21 -539 -818 498 -532 963 327 -797 -214 -265 -816 -711 527 -777 272 508 587 -865 526 -739 705 -278 -875 -175 -22 -585 -307 -196 -438 -327 -820 445 -393 79 -957 -340 714 550 -775 67 -453 -180 42 940 -216 -162 664 -319 727 -838 
-422 786 956 -668 -673 -880 151 61 -609 -778 -587 464 17 997 -133 -312 -569 676 129 823 -288 -283 810 627 -460 -273 881 -988 699 -609 -472 -560 879 -674 304 921 791 -29 -337 -293 627 693 786 -234 -781 -437 -522 542 -845 -24 -732 -445 943 488 541 -127 -942 56 589 902 463 296 -451 
796 -103 325 460 -3 562 236 78 476 -700 483 662 988 442 -394 -807 -939 8 -305 -389 789 -107 -177 109 -224 -392 509 -407 -874 -641 511 -310 696 369 -40 363 779 -688 -641 234 861 -371 366 653 344 -40 -192 616 107 -486 -281 149 431 -210 -523 -368 -418 768 -592 -874 211 -652 -143 
834 463 -410 -239 -569 743 405 -33 -166 -718 -216 795 -412 -155 -851 765 -353 -25 -313 -18 317 408 402 -121 879 906 -968 -34 -388 843 -569 380 293 -429 78 -224 777 566 522 0 433 719 -878 -82 730 492 800 678 183 632 -357 798 -121 652 -242 -963 868 -461 -639 157 851 -370 -652 
-448 -388 -70 -520 -24 -134 845 -20 521 522 -440 -94 -742 782 -316 870 -590 -404 -52 510 14 38 -802 333 366 -596 947 750 -512 -81 950 -541 566 382 -333 4 -969 631 93 -986 -675 -503 -481 -182 428 -353 -381 -134 -650 -374 419 994 -489 254 -932 962 21 770 -516 188 287 537 -328 
164 -582 -439 723 451 150 -354 950 61 -784 -871 557 527 -810 845 373 -236 374 753 218 -80 438 13 -24 -995 -985 480 -96 -566 -449 223 -771 -846 -101 -594 47 865 -453 -35 530 51 -606 -227 -967 123 -243 -111 -980 -397 463 537 -82 -804 570 -88 -457 -965 767 425 -533 -101 -414 249 
-406 400 -632 -208 715 630 556 70 429 958 438 609 -759 -265 818 -23 -616 820 598 -129 -324 374 811 -630 -749 885 -862 101 344 664 25 176 741 899 529 558 422 815 663 -123 -827 313 -740 123 595 670 -724 200 -221 -713 -870 -677 -925 -466 -234 971 521 507 -731 -654 550 544 -821 
722 913 -834 -650 985 -829 -397 -254 -234 -738 798 -706 -192 -134 232 646 -612 -721 24 -284 -897 -10 -658 278 -459 -329 185 -708 248 -984 -853 -460 176 978 -290 898 -583 398 536 -142 691 460 -838 -763 -35 -116 -475 179 461 142 418 563 -79 968 947 112 486 -356 -413 775 635 736 725 
175 277 956 -621 -248 14 358 574 -535 -187 -629 -758 406 156 226 -634 969 -960 218 -771 889 -390 124 740 348 -591 -913 -887 -26 -65 712 901 -948 -809 -728 -795 -44 -10 101 332 999 -698 -979 957 -720 -814 562 -498 902 -409 939 -284 -893 -828 270 421 -777 785 853 235 -49 976 -867 
128 -564 4 129 -155 -856 53 237 -955 -801 888 -283 -483 17 84 483 -694 -324 -615 695 -559 -443 63 -366 91 -41 939 283 -41 -47 26 -385 409 805 54 -643 -939 742 -18 -569 -276 -210 -724 -643 -922 -916 -93 -455 -281 833 -200 -200 764 750 627 339 278 -115 727 -604 797 244 454 
-860 437 507 -813 510 -639 -54 -396 -911 -17 198 -378 -868 41 33 -698 -991 794 -564 -611 740 492 485 -328 830 -392 891 -582 247 -880 -439 -304 299 -516 -351 -209 111 210 210 321 -205 647 -400 559 992 96 637 475 924 784 -67 502 558 -485 -378 -530 304 -328 -604 -541 -752 -935 678 
292 870 281 408 -6 388 -866 -487 599 -782 -736 966 -47 -421 267 96 -213 684 289 -817 -871 153 -848 1 -393 232 531 -299 241 777 685 -782 948 29 63 -676 -941 -746 512 181 524 490 871 -485 168 -76 54 -830 530 -622 1 287 585 -987 121 -423 -412 904 587 785 849 358 82 
74 778 344 -137 -398 -619 -689 -2 881 -921 -683 -461 -532 970 902 -354 65 642 403 -720 -22 595 -678 -369 708 -699 -407 886 -862 -307 152 317 -910 -812 573 277 -229 423 595 424 -482 -517 -225 -800 738 -970 -606 805 890 -46 -977 -361 -119 -365 938 -899 760 -491 -385 142 143 744 491 
-648 -442 216 -30 218 436 966 553 -897 246 -587 665 -988 199 -344 -793 579 -228 -361 -936 -659 -290 -142 -250 257 -20 457 848 308 -263 -861 979 -349 -839 303 193 -376 722 405 207 620 710 627 -350 -805 691 -294 -629 -130 661 -991 -883 910 -847 -344 174 -717 452 171 151 815 -823 -390 
-329 -610 -838 -171 987 -163 -511 -268 -159 407 -406 622 -487 -704 147 752 315 224 862 -723 53 -319 218 -326 -776 -231 -65 -904 108 659 -954 523 -402 423 -71 374 -783 -959 -173 -207 620 974 504 331 846 18 -651 171 -137 -234 615 259 -394 -738 533 -736 918 599 -683 891 216 931 600 
-23 512 -110 -301 953 -379 534 -166 -1000 853 -239 343 -870 -154 830 369 -952 781 -598 -271 354 972 -938 460 -321 -522 -513 505 -488 -180 -301 -854 -37 722 547 737 278 -914 -572 -901 -474 -393 -405 178 -389 437 862 -849 478 -714 709 -87 912 4 428 -946 11 -83 -446 412 -268 -481 -799 
53 517 -595 -473 -186 309 -318 188 -147 -918 326 -537 635 -233 -377 -382 -180 -835 -14 331 -655 -537 55 -669 78 -711 -172 215 827 933 198 -225 -31 667 322 300 -164 -288 -615 585 635 320 -805 190 206 31 -659 -142 236 217 -790 -538 -732 -172 695 -873 -941 419 -590 -714 114 95 -610 
264 -421 402 457 738 -309 -725 598 -654 -93 113 256 -9 959 327 -642 495 -864 -606 511 248 257 415 -394 -737 -633 -692 323 212 -629 -988 -4 -701 123 492 189 125 726 50 -567 152 -890 815 -68 194 383 449 -90 944 -788 567 -751 136 -540 -830 -534 -169 -844 597 -36 183 -237 -652 
-906 353 -96 -921 -314 632 -256 -982 -903 472 -747 -890 548 623 445 -494 -95 179 34 -819 -628 818 14 -745 851 523 -140 -744 -781 273 -607 -271 -339 -289 126 623 676 -172 -885 -147 -118 -909 -300 -747 -63 945 -666 134 979 -83 150 898 705 596 189 -606 578 -550 -587 297 110 383 -494 
321 -747 823 -72 -132 -282 -217 -974 -406 -907 -250 877 -817 -541 100 81 955 -409 819 -937 -429 -171 -667 809 -329 -401 106 255 -637 508 481 203 562 794 -76 360 190 234 432 296 -67 -171 577 -322 -963 262 -515 785 -461 389 -213 69 -701 507 -208 869 -133 -291 85 -89 -992 -348 622 
471 114 268 627 215 455 -270 -988 -41 -457 -110 579 -39 -612 282 -807 -726 664 -416 -254 -734 -706 -441 707 -790 828 -983 25 -257 762 -114 308 -819 103 184 451 -125 -70 578 -656 660 -912 -275 -626 326 -932 -363 697 -305 595 397 -345 883 -605 -189 855 -786 743 -444 922 -670 -52 19 
-467 944 -499 999 391 742 946 -498 -279 -273 485 992 -669 285 458 -886 -758 220 404 918 -553 -509 -465 -296 463 635 -464 -239 -259 -534 393 956 -349 887 148 -489 -198 -720 -64 -825 -149 -49 -247 747 -591 -525 60 -706 838 818 555 -196 377 -452 -543 523 543 149 212 -128 -772 -436 -464 
-655 -576 612 -837 63 -902 530 -935 591 -874 -992 592 -367 -986 -864 701 384 -652 511 -337 950 -193 954 -646 -346 750 92 692 -164 120 -527 871 891 -850 966 -850 776 79 286 -363 -688 251 396 -572 -203 586 812 919 -145 685 -647 811 -45 -3 650 -510 -501 -585 430 834 963 -700 -420 
332 -397 -346 610 754 -44 -652 614 -10 -181 -358 632 439 261 32 292 311 878 899 330 467 -702 241 499 -922 23 587 -785 530 170 -591 -139 659 -947 -69 -58 -466 -183 321 513 495 -642 898 -284 503 -969 175 547 -821 327 -2 -332 -53 214 878 -974 -253 649 713 -133 500 349 -750 
-720 661 -218 -508 795 -232 -727 553 -878 613 -616 -674 63 -588 -395 358 -896 -306 919 465 584 105 -494 17 -129 223 -600 -351 -687 -58 904 -914 -674 -220 -658 944 -637 447 751 663 -46 -536 -274 915 316 849 525 69 -418 -512 861 895 21 -674 570 -812 -757 -389 571 180 -251 481 -491 
-479 -86 493 662 -614 929 -186 -359 727 -891 83 108 445 359 544 465 -751 116 252 359 946 628 -361 217 -950 260 -209 -773 -3 -647 510 220 987 -784 -577 509 -961 -932 -633 -312 74 -247 -709 -999 448 -701 370 -446 -25 -38 870 -442 -37 3 -607 801 607 551 205 -922 404 514 246 
711 -32 316 935 -449 -342 -123 -310 452 -956 893 -896 -135 -417 783 603 612 -20 537 960 -391 745 328 -194 542 -752 340 -812 -70 360 184 -20 -704 -555 -889 -608 -468 -997 810 473 570 -766 -617 786 -227 299 -607 429 750 4 628 -614 638 475 -906 -958 -458 -126 -428 456 389 -765 79 
140 816 143 707 -389 -538 -254 255 91 903 -993 970 -409 -224 244 132 -949 274 -547 -133 -481 -567 -524 -659 330 -557 22 599 289 190 809 543 926 431 10 -893 -60 -885 -886 406 -701 576 -728 -293 748 -950 165 -648 -61 818 299 231 -882 969 -907 -686 -38 787 374 -652 -515 508 -525 
-984 -683 -876 823 463 -771 -804 -142 269 -664 -635 517 714 -151 -820 -393 -317 784 538 -1000 928 -276 -783 680 -657 935 -501 70 -251 916 586 612 -971 -357 268 -293 -438 -265 356 -199 -294 5 428 -351 -823 956 -397 -235 955 -672 218 -229 505 -586 -139 201 -902 -665 677 -306 251 956 40 
-331 -967 597 -912 -886 -301 162 181 -738 475 591 -717 -929 186 616 251 -802 390 511 572 436 -547 -598 400 -378 950 94 -993 -874 18 -274 178 691 194 -241 736 268 571 843 466 -214 -531 -33 -659 226 -356 -133 829 842 296 -478 -646 601 -914 -334 262 -857 -610 -100 -110 -342 -931 433 
-608 -989 -410 -280 515 -868 -323 -509 277 -710 -96 858 313 -608 -721 203 -796 860 -63 54 -331 626 355 727 55 -712 -399 -440 484 -475 164 -680 782 255 886 72 494 879 -499 -595 557 416 -798 367 -438 296 788 -590 -982 495 877 -189 -18 429 44 -934 594 -548 -104 -659 -655 367 130 
-910 439 -77 582 802 -261 -671 -619 -142 -47 -566 -889 769 -805 421 437 -158 -664 51 450 -247 532 91 827 -274 863 884 -439 203 749 437 -637 -279 744 -309 427 -366 -840 -275 221 -786 -858 -458 910 670 -132 -440 -652 -372 321 599 -549 141 -975 768 -599 -876 489 11 -912 -327 -981 398 
-327 -802 -77 -291 -642 -950 -177 198 -367 124 122 159 356 768 981 405 -946 507 246 -57 -85 -326 902 -20 -522 -813 460 426 737 76 -690 -892 -487 553 308 -470 -702 467 715 -531 840 989 337 735 594 -538 836 343 -466 911 489 -211 100 -699 -956 -558 434 -564 -624 73 209 440 -582 
275 266 -627 -286 -345 379 -849 -5 -610 -185 259 569 751 -182 118 -811 -887 269 674 951 639 -521 -136 -917 345 849 -260 -178 -44 -540 -926 259 -648 106 -516 -274 -101 -133 697 484 -878 418 610 266 691 -648 -297 948 668 -942 593 950 242 211 495 -201 -130 -787 797 972 147 826 -378 
-976 115 -925 -847 989 -298 -827 264 -236 -94 952 313 959 -555 176 188 -797 222 -174 -54 -340 856 230 219 -472 -221 550 138 237 -160 421 -761 567 -687 -934 718 63 92 -702 516 944 22 -519 843 -252 -981 -1 911 -608 -479 -951 -930 110 65 434 -300 433 578 -94 -541 803 -835 -463 
-810 113 941 -462 -871 257 910 6 -101 -55 955 430 -158 -212 41 969 631 95 -40 818 -939 -540 249 758 804 -86 505 663 508 274 460 -356 -637 -348 -907 -810 992 637 188 123 398 436 649 -714 -249 85 460 -236 267 -660 -135 -271 990 -134 196 -477 -752 815 -234 327 838 658 713 
-741 -187 -4 635 -550 599 338 816 952 -930 387 729 359 -383 -717 -679 833 -546 586 44 -89 -387 394 554 -676 823 -770 -781 320 426 -163 724 -252 -302 675 298 -271 -25 -70 533 -153 -332 833 -12 88 837 515 -415 529 -986 -226 847 -336 456 766 -802 840 -919 -243 684 -326 -278 939 
302 -34 151 -765 -722 80 -487 -675 -255 480 -380 856 -989 -209 620 184 -314 -907 423 -662 575 -335 -101 -8 247 538 -251 -887 508 692 970 785 5 -821 585 425 339 99 926 262 -989 -740 -273 403 -67 769 763 -474 -7 -11 813 483 -897 -965 -848 -551 -55 444 -722 418 -87 -927 683 
-861 -186 -120 417 -21 -268 311 649 -731 -867 -715 -486 812 -254 -922 747 -349 676 638 -676 -498 -447 787 -724 988 -424 872 382 678 -930 -487 481 -249 -795 130 -759 -636 490 467 442 -933 -606 887 -82 -801 526 498 -890 -727 624 747 -327 195 -772 884 -464 -6 486 -470 -794 -159 458 -611 
-519 743 117 399 -668 985 67 454 389 705 428 132 740 -900 -979 47 545 462 -750 -759 -562 820 -321 -469 -151 -795 344 -703 -804 933 -394 -699 -697 718 231 -43 -879 -718 -396 885 442 -139 -772 -54 -982 -246 188 -733 896 -883 -310 866 190 -186 -485 -973 556 87 730 -730 -619 764 -36 
-175 101 364 -111 -243 -431 793 430 877 859 -827 -34 -5 -228 -852 -981 429 -658 -547 -917 189 -599 976 267 -36 445 317 -297 -654 773 -74 -174 -10 539 989 -643 204 -869 495 -985 253 -193 -79 -710 706 -182 870 -947 883 -487 656 422 479 -822 -243 2 -124 -835 -720 629 987 983 138 
-197 -170 -64 -903 773 -863 730 506 25 -826 60 677 808 765 740 -500 641 493 -233 -479 332 521 606 -408 359 89 731 -485 486 -746 818 -409 324 -857 304 -705 581 -735 -16 178 739 -181 20 -731 -976 -793 -827 525 1 189 -753 318 -214 -611 -560 -438 -432 -1 803 -163 518 -10 -147 
811 -862 -938 -85 -208 434 -522 505 916 317 884 341 671 -884 -362 618 627 -585 -471 825 503 15 -193 -757 -291 -715 967 -502 -28 -487 908 -33 -87 -821 983 230 330 986 -257 30 -914 -667 106 429 224 -863 475 -940 623 234 474 875 -656 -833 -811 -40 -506 -128 -704 -819 -539 -63 -392 
-176 592 -583 412 -953 997 -109 764 -210 172 -971 219 960 779 -362 164 22 205 -178 38 967 309 -610 555 -418 897 224 -745 -277 -908 175 286 -674 396 -765 -259 926 -542 654 173 124 636 -984 564 994 -201 266 521 852 -309 -49 -572 -937 286 587 -754 149 817 -479 -326 811 -483 421 
882 -64 222 1 367 -714 322 171 915 58 -37 564 -28 832 -491 400 404 -568 -41 -962 27 613 654 13 -44 -137 166 650 528 322 -319 -444 867 517 -925 -743 1 660 -176 -710 -272 921 -720 102 174 989 641 721 -616 -879 375 -291 -6 247 871 731 976 -1 -837 -959 -875 445 -831 
-897 -996 -529 -719 -672 801 -196 875 779 -893 642 114 -684 343 143 -781 -439 -978 -603 537 -686 -773 536 -155 990 -667 479 791 -779 900 661 61 -3 36 -997 -316 552 -178 139 355 -34 90 705 258 896 -994 757 119 -325 703 -619 -969 988 -869 655 -785 -902 -607 -900 -341 -218 -140 -167 
791 950 721 890 467 -610 178 29 316 752 717 -351 -110 306 -793 252 -869 -967 625 941 480 541 965 -881 -560 -377 -164 187 587 -347 109 -567 850 -517 -136 686 121 -539 -245 81 218 -36 -362 652 811 -439 -984 922 -248 -491 -655 992 -355 -237 -48 652 719 373 510 -417 778 -607 -999 
-407 -841 -767 864 947 20 -375 692 91 -149 448 -14 -691 301 158 966 -794 347 -372 222 -200 82 322 618 694 498 -784 -501 -926 -977 -492 6 149 475 806 142 857 -174 -628 248 -584 -742 -512 -892 -291 -54 -968 -59 -685 -284 -745 534 -11 347 449 363 -642 -891 852 -469 -671 -802 531 
939 -115 -720 -422 542 -19 416 786 806 393 108 -389 -912 180 852 -149 -760 752 957 52 -842 -540 517 -117 -24 458 555 -788 -484 -49 -532 -610 740 691 476 370 771 -34 255 -353 735 324 21 222 396 -900 -753 425 759 776 -70 -721 871 736 42 953 10 -375 -777 -680 -468 18 884 
523 -908 -17 585 94 915 398 277 -286 -404 -94 -336 56 -949 846 -379 -279 364 -909 -551 -82 930 516 -321 298 -370 681 615 653 -41 749 -536 113 860 -237 777 960 -44 627 -345 -256 23 552 -309 341 195 912 -72 -214 836 362 -555 285 -833 -664 503 -12 -738 -482 977 -174 -421 313 
7 -494 483 -14 -480 -857 13 532 349 355 811 -549 504 -707 267 -206 529 672 -510 868 528 765 -511 -340 499 -999 160 -313 -880 -714 -493 -114 -949 -423 618 -284 930 -927 917 -288 -877 -108 -738 -988 -400 722 -170 344 -908 684 -373 175 -293 -390 -154 -536 -623 225 929 -3 987 199 -412 
711 -474 -32 75 735 -162 246 981 368 -668 -252 -77 648 -71 179 -123 -877 -571 -723 510 667 725 -740 -220 -41 -620 -395 -717 551 -931 -56 -233 -574 142 690 693 249 262 -542 424 -574 858 -217 563 -150 752 -420 -406 894 145 -325 615 -860 644 977 -651 74 -413 400 -159 -116 77 172 
459 -899 -259 762 -937 78 116 -447 873 707 -470 535 -888 -206 -207 881 798 631 -269 15 -297 -286 -520 -302 -916 -831 -486 390 350 -997 -800 128 -235 -954 128 793 -669 -994 805 655 87 -727 -375 756 -234 997 642 982 995 -58 -282 116 680 878 792 503 -233 -346 -520 357 444 527 402 
-795 604 451 -729 -421 210 236 661 -155 -237 -647 -787 121 -240 896 -30 -590 -73 -535 -514 74 690 -643 464 -338 395 -302 -389 673 -621 -562 -456 175 558 -936 -477 -704 -621 603 -66 -908 -860 -954 -328 694 228 -371 -80 326 -141 376 -596 -300 -478 179 110 -565 -755 -535 440 521 -473 -858 
-297 -682 -436 -540 -563 556 -830 808 475 23 418 169 -795 268 -369 -257 929 41 -606 748 -950 953 -836 -89 210 272 132 -200 -887 -285 -805 392 -563 -1 810 890 -607 -337 436 983 -430 -362 -634 -106 -491 -953 526 -915 -723 167 -505 -337 385 285 -441 686 -707 646 -8 -848 204 874 -689 
853 -960 68 520 634 -675 624 609 338 672 492 562 -165 -320 -697 -556 -466 602 819 708 -645 -551 928 447 -535 -265 664 232 796 -406 821 -889 61 -326 -855 -460 566 -597 57 963 -36 -298 -540 642 994 606 -262 304 -402 919 850 -60 -275 -194 -888 -698 -287 -436 -930 -157 482 -285 750 
-936 -477 -685 307 732 -555 217 -195 -59 620 521 239 800 139 104 -945 -827 434 -580 -257 -346 808 -924 327 -73 -849 848 -990 -936 -793 -629 -633 218 66 562 551 -11 -486 397 -734 92 51 -748 490 -979 220 -817 -267 513 -652 286 570 -538 31 -622 -753 586 -684 92 489 -593 -73 -546 
987 304 385 -369 562 167 413 -310 243 521 656 -536 139 -340 501 -562 -462 236 996 -871 -552 -374 -139 981 -718 -46 -644 -180 -885 -23 147 164 -589 85 -19 322 -164 -564 -921 467 647 -292 619 409 -236 796 813 395 -265 -798 -180 -441 -693 946 -866 -638 -920 -50 -209 32 815 -94 -252 
-961 798 4 -216 588 -702 -482 808 55 456 394 -366 365 -9 -445 -427 -880 -562 -656 270 -133 929 711 -78 297 132 678 694 -147 -181 243 -617 -270 -630 412 574 362 108 -222 -311 -323 993 -564 -451 -847 -12 -683 -54 -531 -396 -890 -974 371 -288 220 447 -563 -798 979 -1 -96 -509 410 
-423 -332 105 63 -596 942 545 -792 -800 976 889 327 832 -943 10 -756 -236 915 -326 -439 -730 -84 51 -811 514 -749 96 198 -440 -124 179 258 -644 -367 55 68 195 -172 139 -279 344 -816 150 61 22 -570 755 196 -661 512 -430 579 -403 704 279 -274 -369 -79 791 28 -904 -901 555 
474 -512 801 -311 -211 426 -943 194 -415 -689 -276 395 82 -817 760 160 -538 459 401 -744 272 426 406 -3 358 -623 852 813 112 -176 -702 -568 -492 -380 -756 701 228 -182 451 156 -401 -414 -697 -813 -695 -540 -47 711 -985 -440 -804 340 649 -999 435 577 79 -616 -448 617 -855 882 -503 
152 232 253 349 -564 52 630 -737 -830 69 -980 -623 861 -716 -636 419 47 -713 150 591 263 307 722 -878 512 627 376 -722 358 9 -742 -465 -607 635 384 294 265 700 862 199 314 -936 -671 -619 588 231 266 -304 -167 700 487 899 243 -767 -182 -443 648 939 789 -439 -408 -902 -828 
