76 80
-669 773 510 -556 790 741 650 -333 384 -531 -615 252 -580 -269 962 319 -237 -18 -412 401 -675 220 -531 -85 -277 -864 -580 -642 -543 898 -516 175 -120 984 461 448 330 -484 706 -908 -960 227 555 290 -52 16 -480 -11 236 -123 482 -90 848 -60 -921 -61 525 423 -512 564 687 853 -471 585 100 681 -216 -683 483 -882 336 138 -167 -310 -494 -46 -63 487 -750 -701 
-123 -788 -855 -523 -262 83 862 -275 586 -971 -615 -48 -20 685 758 -740 -4 328 -309 792 924 -931 -10 59 338 -999 -152 826 -362 -590 -599 -809 677 241 -980 342 -703 -174 455 880 848 814 -535 144 -427 -367 277 879 -970 523 127 336 881 408 -357 327 545 -129 413 928 -129 -552 -615 -919 -6 -905 -990 -81 -40 -505 875 -179 134 -716 -397 -340 -372 -822 553 -121 
943 473 -38 123 -424 -298 833 241 90 26 534 376 318 357 -179 -644 -548 -637 996 999 -961 -898 935 -88 -13 -905 -10 915 -31 -738 384 409 -95 -230 -611 -725 -965 -902 930 899 -517 -584 -380 -927 243 262 934 -677 -573 563 -148 -582 -771 572 -175 673 -895 327 -432 -478 533 -506 -292 -45 400 -690 6 -520 -107 -281 595 200 -167 259 200 -742 523 354 514 -751 
415 -244 -276 350 739 -209 919 305 -313 243 -890 -233 968 -541 293 -232 -807 174 -973 358 380 413 601 851 -882 867 699 397 671 -787 -885 947 466 281 352 166 -420 607 651 -30 -240 719 214 -853 607 888 -671 -258 -396 -988 804 -239 287 568 162 229 476 777 -248 -373 122 868 448 -127 218 781 684 994 793 -239 -653 743 -329 104 -138 -972 -29 224 198 -461 
72 -399 -433 -597 384 -323 801 -347 -227 682 982 -926 588 -194 44 627 -748 -816 -61 962 401 -821 -687 615 -23 503 709 -952 731 -607 -301 431 -455 -306 120 683 423 973 -866 -476 -849 45 7 -534 99 -117 30 -849 324 572 -687 41 908 -199 -608 221 -966 -75 260 309 336 361 771 509 646 718 -392 786 352 137 -63 644 -645 -646 75 -304 -419 557 -650 -211 
-925 -804 581 622 462 -92 657 184 681 253 469 -299 861 -367 -756 103 581 706 992 551 496 -442 -627 -230 -199 29 886 -700 -437 -303 233 -59 926 -470 306 -288 -775 -233 445 623 -70 174 -956 -202 -154 909 -451 -199 -79 795 609 -183 -446 -625 -528 -21 872 -143 168 474 432 887 647 530 -781 249 990 831 -951 -622 -40 617 266 860 -71 -790 -564 -674 598 226 
-900 -942 -445 -387 -539 813 -6 -349 -720 486 -746 388 272 377 -306 955 -21 895 529 -839 -530 101 668 369 -570 182 873 -404 -299 155 889 669 26 -793 992 865 -765 859 349 503 479 -28 -149 -170 490 -451 81 -314 861 -128 -556 -544 122 712 -719 -23 -753 -322 -79 -427 -422 695 698 -288 -730 -42 -889 -492 750 686 -365 -129 713 394 -493 -360 166 97 -236 534 
74 612 -146 113 -472 -325 38 -424 -501 362 -68 -415 -836 -166 -201 618 627 -355 -706 -645 -641 929 -130 -127 -624 905 -317 892 26 -320 -844 533 -613 -408 640 210 696 640 203 770 -5 681 -915 -73 -813 -350 885 490 -63 151 74 675 -211 -736 381 -862 -934 -192 624 479 822 199 600 -158 -801 -247 -685 205 -115 825 -295 617 -437 -904 -157 -483 369 540 966 307 
894 558 -616 -946 742 455 -847 -892 -243 -802 785 -786 -750 558 639 646 -158 149 136 150 -585 364 724 -399 -797 -935 -751 91 291 10 418 -318 390 706 -970 365 -524 -782 -115 371 166 579 -597 -907 -239 922 -448 552 -259 -292 -135 251 -570 449 -777 -391 29 107 -914 -592 -294 271 533 937 -607 426 899 -118 991 -358 -308 594 -411 -588 227 943 -658 -740 -641 671 
-96 826 791 -480 -961 -178 -206 -551 176 4 -614 -103 770 172 -587 690 -637 802 -700 -384 -656 -925 837 450 98 -630 -549 -410 23 -1 246 103 -481 605 -234 -505 -10 -109 835 725 875 -435 -513 -664 -438 787 712 -520 -298 -321 469 -649 613 447 -86 54 -505 34 958 -378 466 351 301 603 -656 301 -943 -260 265 524 -765 -273 -654 690 33 931 -154 -609 569 657 
893 745 224 -501 -46 150 -778 349 488 -215 -382 258 -669 -609 -59 386 -250 161 882 53 -310 -34 105 452 221 -999 -907 -815 396 419 -273 -697 241 929 721 -719 -735 -73 263 395 -255 -844 843 -573 -615 -661 435 -423 301 -709 -966 642 454 -886 767 -762 -217 724 -530 180 -819 135 57 -85 550 -323 -625 693 -922 538 -725 657 -611 173 715 479 -287 -53 -133 -794 
252 -286 -578 137 -230 661 828 -950 550 -799 -787 758 -229 -240 -545 -863 -178 -344 542 946 -931 -595 -136 596 -929 -21 572 -461 904 206 -443 -97 921 -632 -616 -319 -969 -501 50 -473 -222 -875 -585 355 508 -840 -838 471 340 920 -965 -398 846 538 -814 -240 441 -984 696 -820 -264 299 290 890 487 262 -198 -811 133 -183 272 840 312 -49 586 -49 -811 -76 45 -589 
36 -373 191 -76 969 798 -451 -809 85 -667 53 -228 426 -867 407 378 584 -668 -311 235 -806 983 158 -697 -618 737 -478 931 -936 546 187 -344 -881 -525 842 287 -428 967 -767 905 811 -778 -184 -371 -666 -446 493 463 -961 880 422 49 -702 956 -419 -624 -277 -838 -495 27 -900 255 -469 53 576 970 -734 -114 326 233 384 413 325 -556 725 791 -343 -178 237 406 
174 -133 47 -657 4 -974 -607 622 108 45 -665 -150 206 -349 -460 837 -502 350 148 190 -922 942 -311 -50 159 -608 -117 184 -443 -7 -393 -857 828 -865 -378 42 580 682 -927 821 -609 -810 545 954 -655 -664 -705 -971 418 -782 659 55 178 -113 -832 -873 482 368 -512 257 -478 343 -633 -848 -829 -511 -14 -608 997 -328 -967 478 -77 -854 -770 -901 -849 -181 -148 -684 
-494 -239 -401 -941 -331 -620 -467 25 -204 482 171 291 -127 554 76 -562 887 -884 602 276 372 -319 -893 382 -269 968 -868 433 -19 137 753 -555 -480 -668 944 109 864 78 267 -562 -497 915 5 864 -755 688 536 -116 -782 -226 -539 -954 798 180 -509 930 -542 128 557 -808 -165 237 -64 -486 -226 228 -377 -585 334 685 547 563 351 827 217 424 -656 -33 -44 899 
791 16 25 -778 257 -57 -858 62 -121 -86 -604 -96 -530 795 503 526 799 643 -256 -795 78 503 339 808 -689 -679 -347 790 -425 -676 -211 -649 626 -384 -798 248 592 607 -795 847 -239 867 -713 672 -222 -672 -981 -922 889 509 -922 211 39 -131 3 940 -471 -713 937 -299 -83 188 -266 -272 751 -330 -532 270 -616 535 819 888 -680 -363 -20 63 -137 539 341 -331 
348 847 75 -502 -172 60 804 -244 -440 -561 464 -264 237 785 988 15 -61 484 -357 91 906 455 -330 -637 453 240 -434 490 346 74 -723 -513 -356 179 -732 -297 -987 -911 -591 93 258 -705 -127 -918 794 109 120 242 -252 322 989 -580 748 -207 129 547 702 -783 -623 -630 567 305 77 -631 790 137 -559 595 -402 -658 969 -736 140 -634 -858 -377 492 -798 825 738 
379 -192 -76 115 756 257 519 356 -343 102 -362 -759 622 -509 618 -674 -674 -713 -230 -671 -219 653 -697 623 -75 -674 -91 -55 -102 888 -518 -873 -946 739 -576 -235 143 -122 761 61 -860 753 191 301 602 154 815 -273 187 913 -214 7 293 536 385 -216 640 -152 369 -747 -447 -935 -557 80 700 258 -949 60 392 328 415 -171 -959 -394 -375 812 -562 688 -163 -60 
168 -185 -753 -310 -298 859 -272 -983 945 640 816 904 641 -755 -449 807 -820 875 -795 599 -945 953 -164 983 -15 -842 -956 2 120 -950 -19 63 -985 -243 113 -133 -973 -830 108 -279 -687 -512 766 -541 -12 826 -30 980 -948 958 109 -792 -707 -584 681 262 394 968 802 -755 140 -323 -706 579 762 380 -162 109 -411 -76 -399 -807 932 891 -86 -674 -640 707 -470 -990 
-933 586 -151 132 -224 -855 -333 39 805 -660 -626 955 848 -475 -935 130 -219 -571 -329 802 882 -405 330 632 61 -226 -242 -937 934 -143 189 -550 -503 537 810 554 760 -629 -274 933 755 563 151 -187 -128 -544 -106 202 433 -847 988 -514 699 932 490 212 -579 419 -124 -767 -392 -774 -485 801 -22 -570 -722 -986 -314 254 -595 -846 -939 -208 830 521 461 -147 -757 -186 
-14 -82 734 33 -660 153 905 -573 570 87 -916 -180 797 555 569 739 215 280 -428 588 625 671 -556 -911 957 849 403 676 984 197 -466 626 730 157 130 262 300 118 135 -620 -48 -914 -897 499 -940 259 -121 926 -472 873 -207 143 -953 -616 -778 -324 621 952 640 977 790 393 742 683 820 114 -346 489 371 210 -677 757 1000 -207 -408 963 -46 -416 52 521 
524 -513 -421 723 410 -363 -321 -464 886 -830 281 -94 -612 531 -821 445 562 991 -251 -331 271 -282 174 575 176 -254 -520 -714 -71 709 789 -6 -411 -259 -228 -250 585 -802 52 518 -420 -801 195 474 -586 242 -373 141 -172 -732 -726 914 -294 -699 957 -394 -478 -355 629 499 -705 -827 -652 -238 -532 -268 834 419 335 -13 -169 -568 -41 -894 -799 743 257 -738 106 416 
464 -122 200 -818 -541 -603 59 133 -421 900 -21 160 353 -814 236 660 -623 203 146 976 673 -869 842 660 970 -712 728 403 30 181 394 939 844 97 330 523 -537 468 -953 354 132 -781 530 -81 -46 -594 -466 -638 959 127 -651 -603 -523 428 -587 -930 -521 -473 -790 -224 99 -655 703 590 47 -726 -351 -577 -543 -142 -758 -786 -173 508 -486 192 159 263 -864 -341 
-724 -783 403 536 92 258 718 515 -913 -724 181 475 136 -21 -698 -760 -679 -273 672 122 -263 -497 -728 -46 -354 -821 240 763 296 225 -581 -915 172 153 -333 -780 -398 462 -28 206 -307 -280 354 -756 -279 252 -847 750 197 -863 364 -448 535 -251 -764 -329 -726 -303 -627 843 -52 352 27 -346 801 -866 -876 -214 -728 -243 -798 -386 319 482 -516 240 555 782 -125 783 
798 581 -568 285 314 791 665 940 218 -265 -774 -720 -329 464 -781 28 -787 -231 468 -105 -406 234 154 900 -709 -564 -73 -164 -78 506 41 -760 -617 458 966 -752 267 350 -197 445 -654 210 -477 496 797 885 -352 -69 -560 688 -55 -803 -3 -69 -79 37 -746 430 22 -318 -139 -152 876 568 -385 536 852 333 -414 238 -396 -411 342 791 462 71 184 -107 -63 431 
-428 -529 -344 488 -478 -155 -29 -257 -787 531 594 150 -120 962 530 758 315 -366 -510 776 264 724 -1000 150 -889 -491 -752 -795 -101 12 358 557 -837 761 352 -914 -918 470 -432 663 173 -872 -334 343 -630 -241 -858 -445 82 883 -562 198 321 720 -805 257 501 -596 -712 941 713 -354 529 501 547 442 620 -846 891 552 201 -389 -363 -647 454 -792 -715 348 -453 965 
22 -775 -458 -192 -450 -330 240 -860 -675 -407 325 633 733 260 -109 -698 565 212 -308 159 -567 806 -649 42 -70 -29 308 701 -378 -668 -694 -214 299 543 261 732 460 -914 129 43 603 -983 691 854 19 755 -892 -247 429 -123 -516 -309 -842 92 -873 -617 -357 -602 600 -293 636 127 334 -97 -777 -77 -704 371 -129 -669 157 623 722 -947 894 618 949 777 -875 41 
777 -758 -260 -607 764 6 655 206 -279 -628 -821 654 611 -706 -742 -467 -923 745 625 262 864 896 583 -671 -889 -394 -217 380 69 -874 -582 832 284 131 -764 428 133 896 784 -170 572 527 652 -418 -259 339 -5 74 286 -51 -823 -625 -329 851 390 92 -945 586 570 128 -856 -712 -372 733 -379 294 -942 415 -396 360 113 759 253 970 -952 516 -772 529 -251 656 
892 -309 -191 627 -999 325 371 -763 -738 886 -279 54 -789 336 328 416 -303 -92 -606 -439 -259 -994 72 -576 390 -543 -478 235 -587 -212 -390 930 243 992 -938 -567 -877 -448 616 -245 -212 -248 211 743 202 -226 730 -174 675 -746 -295 731 455 -757 451 -245 679 79 894 -973 -66 -306 -799 888 -75 -807 -343 161 593 159 -573 21 -530 -501 87 -403 -888 607 993 647 
-727 -837 -58 -817 -553 -551 -700 -200 -603 551 690 992 456 534 -259 885 925 -748 -605 853 -648 -552 798 -359 -181 -319 506 761 -288 -159 -827 733 190 -938 -685 492 881 747 518 -964 -53 639 577 -984 -565 -492 525 744 -6 226 426 -533 224 272 -7 -285 126 446 -304 811 460 415 -647 717 573 -246 952 -714 306 -847 -592 623 839 387 -436 -836 -863 -203 -660 829 
-920 -689 -388 -869 147 512 -662 129 -679 257 -580 -784 -355 -3 719 66 -634 93 471 -390 -240 -454 596 -511 589 -974 -376 975 -808 537 399 489 683 8 -468 -792 -721 -104 225 876 -541 252 350 -961 615 -867 -950 547 602 692 -578 -470 968 -648 0 535 -739 871 -23 -723 976 391 -698 338 642 -660 -558 -767 58 172 -772 98 437 -131 748 673 878 651 179 -895 
-758 989 -560 663 817 555 -220 129 604 -523 831 472 31 825 -730 496 184 -934 -119 349 -560 -192 132 876 -841 78 818 707 -183 -382 -149 -310 -45 457 -991 -114 -38 -273 666 992 330 -71 832 457 -563 -345 838 -13 -447 -362 -77 430 116 -451 -243 -1 390 205 -502 635 -79 874 -33 -498 837 -509 -26 317 -963 -924 -970 -776 460 588 -390 -523 -725 224 -169 -223 
36 261 907 -346 -364 -347 -462 -630 90 908 -204 -862 -583 -449 395 975 806 -967 -755 -608 -578 453 88 412 -41 -658 -790 -995 762 880 -446 344 -549 -419 972 -24 772 852 -996 -135 946 -678 253 -410 222 -158 126 759 20 911 111 780 195 -355 301 719 454 842 -868 -352 -767 -122 807 -756 85 686 911 -358 834 -193 -281 -47 381 796 -296 -804 339 678 -845 -516 
-644 -768 -138 -472 459 954 677 492 306 739 -838 -188 302 594 770 703 -611 -324 62 99 843 892 -200 -585 -540 220 551 -561 14 3 -625 180 -729 -880 708 -916 -694 999 -825 29 667 -809 51 -1 -943 573 -478 -453 -601 -239 -563 -798 49 -172 383 638 -506 -639 530 -822 -720 -883 -940 998 -779 328 -152 -293 -176 322 -486 634 -989 -750 446 66 -654 -838 161 536 
-925 654 -828 -84 148 837 371 -760 -794 188 29 -174 -763 407 -354 -48 688 -194 -757 616 -734 -737 -280 612 -885 -97 -924 366 -998 -140 338 -834 -618 263 -191 195 -103 -960 -531 985 127 -2 935 778 410 969 485 -153 113 -696 859 136 -505 642 -25 -447 -429 668 121 521 -508 -625 -210 594 -184 -878 73 -670 464 847 316 -119 -281 -493 -693 231 432 -216 -797 673 
-74 362 -176 523 -242 214 294 -879 -2 844 720 801 710 -975 686 -296 -516 10 -970 -238 394 414 841 253 33 204 -487 -563 -171 -419 -950 567 -451 215 -698 134 -47 470 -837 -601 82 861 -802 -520 -531 -105 -152 -562 -757 -253 -463 -253 109 -779 -352 -574 -558 -980 -416 -751 394 533 -67 -202 -864 -865 350 -172 762 132 -322 -528 -799 813 -322 475 838 786 -430 411 
-300 357 984 -363 340 403 -650 -910 532 881 -941 -265 526 95 518 -868 223 360 713 234 -876 -151 8 92 28 -524 133 798 597 -549 672 755 373 -714 -252 -97 710 -940 -829 917 -538 690 737 -628 -365 -514 231 684 -104 837 882 -660 182 53 -288 419 394 313 951 -898 -992 -17 -205 761 812 452 503 -509 -393 539 -422 -818 -489 -386 -471 330 34 673 942 436 
-674 -371 -24 -412 -955 618 777 24 -124 -683 -135 -690 -490 -392 424 -242 -558 -98 328 -627 961 646 -338 315 -454 -882 814 -744 778 524 471 -115 -108 860 432 -179 -262 405 109 -40 -536 -966 395 -254 -367 852 791 934 -148 -868 227 799 542 -4 686 -464 -422 741 49 304 -967 -721 -725 -340 -724 499 -630 -948 747 -786 -628 -703 935 12 489 -616 257 970 904 -101 
645 -139 -136 -535 -733 -121 71 -633 466 -444 10 -232 -301 -44 701 -552 934 -435 502 324 -194 -980 491 712 711 286 -298 887 535 -763 -623 651 129 65 -622 -367 -605 344 423 -796 -229 13 -107 -343 87 170 317 602 574 -456 -115 -132 -835 947 -888 -911 -936 725 -306 -446 79 223 -897 62 -950 -848 -94 -156 -807 466 -517 -39 -706 644 60 -855 849 516 708 668 
424 -336 403 -631 -178 -212 990 -176 195 -654 986 811 -794 -627 -433 -208 -409 967 930 255 863 -78 739 -643 -497 -339 -639 839 300 -270 323 -619 54 -958 556 771 653 -212 -103 69 981 -102 -444 -376 465 786 -810 -333 331 -790 -484 422 -163 -380 668 -967 385 895 590 -636 602 -672 -421 613 529 -682 -98 945 190 358 -80 -495 746 120 501 -440 -493 -586 -15 985 
-156 -927 -694 -774 -49 34 272 -206 723 -467 -244 12 285 550 149 -662 -535 390 -933 -751 725 -495 -963 809 195 -504 912 -260 468 -502 965 -456 825 -361 -745 544 484 602 520 -730 -503 597 -636 -235 -783 -975 65 467 329 -349 -578 194 -726 571 413 -187 -480 193 259 -246 468 -421 -337 354 421 273 772 413 -744 240 -958 297 78 -826 -707 191 175 -244 318 341 
332 468 64 233 3 -196 0 -255 -607 550 -645 -877 639 -218 -655 -436 30 320 -218 -649 648 -878 -920 -738 -493 900 433 -544 946 968 658 191 400 722 -737 -702 -932 371 530 -874 -866 971 -865 762 940 997 491 515 -303 -369 -809 -405 -609 -122 -546 -482 415 402 -403 267 -781 -839 684 -789 -633 210 -882 -556 -38 40 147 -412 439 215 -57 530 -955 681 -123 143 
632 -228 114 502 -543 -875 -503 513 -86 828 620 611 314 576 -959 -811 -581 554 -675 3 987 -940 -464 744 805 -630 279 -338 -706 -653 454 555 -840 404 -604 684 -615 344 44 -148 -229 -416 475 -846 424 226 434 -529 -365 -112 -645 798 447 232 -811 541 -686 133 642 732 728 815 -897 651 -257 890 396 -203 766 -946 81 -462 781 -514 551 -961 120 -774 179 297 
-607 -823 -132 974 -435 -953 -116 -687 -695 239 -453 -813 230 -105 891 126 737 -643 198 -808 -127 541 -966 -388 -143 425 108 399 -563 240 -875 109 906 -528 -217 146 322 749 178 -209 -753 251 -895 -397 731 -988 194 928 899 -619 177 -652 948 -927 -813 -739 -194 -167 335 468 -556 939 85 345 -744 973 577 -767 178 552 -614 44 -394 306 340 -910 884 -246 -606 552 
-79 113 851 915 -409 389 -409 913 -349 -448 794 -501 975 848 246 -502 225 234 -920 441 -941 933 -726 868 -994 -289 -914 565 929 655 625 -419 -655 -664 546 -961 832 694 -75 -527 639 534 268 -445 184 -850 7 -474 -337 723 -572 737 294 886 423 753 -231 -526 85 677 115 -562 19 468 915 738 429 178 -709 383 244 85 365 476 71 -992 882 549 136 153 
-753 -38 -46 428 -178 -474 -282 -180 185 935 719 950 -679 121 465 28 829 202 -977 -764 785 584 718 -983 -442 -782 237 729 570 -112 503 787 -86 629 -260 -102 -720 13 1 -227 300 -243 333 442 593 452 208 173 126 -796 260 422 -10 135 154 223 -191 642 824 -581 959 446 405 -541 -661 -680 -899 530 -452 -4 -219 444 -163 379 -660 88 -784 39 770 -678 
-398 -398 815 -382 -619 916 -319 897 -260 -951 -785 -309 -62 -18 765 -605 -421 128 -863 131 -193 974 947 -86 -940 11 -128 -588 -732 -136 -103 -231 -147 -952 -202 -829 520 85 -136 205 205 -377 67 135 -662 684 677 -134 -720 128 938 609 742 -93 -19 62 -749 -338 210 853 -432 35 882 26 -178 64 783 -477 -509 -253 451 447 339 964 892 77 -185 378 324 298 
947 669 -622 -453 -569 -465 76 -740 525 532 257 271 -4 874 664 373 -18 -363 708 320 -834 223 -607 -522 442 -191 -164 -524 -265 392 -456 -203 611 965 882 938 690 -705 -564 385 -12 -875 -791 -160 334 39 -913 -544 671 -980 393 979 -981 366 -543 200 -823 -409 -726 -212 717 956 665 338 811 -916 -925 461 594 -84 158 465 -868 512 -717 -613 610 836 176 -141 
25 -878 -286 321 -376 -81 -471 -2 654 63 756 746 773 -404 72 -830 174 714 -924 -955 767 415 55 668 905 -479 -479 -317 -953 869 -563 -291 -155 913 -380 681 901 -396 956 -865 -923 -8 177 293 113 915 215 977 -800 351 29 -708 585 -813 346 468 529 158 121 771 877 783 -988 -402 -458 -620 -125 -766 884 -741 -16 822 352 -74 562 709 -777 758 575 237 
521 643 -478 305 -242 -858 -654 -35 139 483 -799 -10 51 -536 -48 -56 149 633 -360 -672 317 509 -78 597 -803 947 -311 -586 -935 -634 -87 -37 408 -181 470 223 -101 -699 -248 93 471 557 718 239 -624 -232 879 243 28 -543 646 -574 331 -619 766 -648 949 -180 832 667 846 493 242 -824 959 -496 -975 987 576 729 -152 -925 -477 -220 -402 -457 935 244 -252 969 
-744 738 926 -412 -190 -374 647 441 -3 -71 -845 258 -450 -518 808 525 -22 291 -356 838 -940 -294 -481 891 -154 12 -143 332 938 -49 184 -423 51 -535 -97 89 156 -160 -976 739 -339 -328 -619 536 564 145 -624 -797 -320 666 -376 391 -822 -510 -503 -129 -868 -449 958 -757 526 -395 -144 -724 55 -802 -250 322 80 481 -554 439 987 502 551 540 -273 947 -978 -154 
-184 -403 -918 -871 301 364 -908 456 159 232 604 694 -577 -746 -610 -89 -970 -832 789 12 237 -482 606 -825 874 889 -127 -579 608 204 -271 787 -549 553 -42 831 139 331 961 -98 -457 -149 -241 294 988 675 790 139 753 482 251 93 -72 -673 539 -115 -85 -548 139 448 772 891 680 177 689 785 561 -332 197 303 -421 590 806 -41 450 -105 -250 -675 931 201 
-469 -790 -96 -166 -891 913 -338 -636 -644 -748 -108 -920 494 600 -866 -932 -696 237 577 -271 -359 236 -392 761 -435 -190 -484 -596 680 221 -64 -725 831 -744 215 -766 -914 -400 42 519 -17 89 -898 -849 598 -296 642 3 -939 -914 364 410 -990 939 -717 349 -631 -971 676 978 -27 -414 853 -87 -834 -39 -257 200 459 974 387 -310 -513 -643 807 -356 -267 -714 -791 -348 
-798 912 -463 -599 -19 -279 -106 743 720 -409 432 -929 39 114 936 -953 729 48 -920 128 618 -362 -390 -611 306 -95 188 -536 284 -616 -632 764 694 -67 932 539 920 -595 -774 -862 796 216 374 636 -944 -918 399 965 -864 941 500 -682 -272 832 664 -22 181 349 747 -808 560 -633 -325 272 -474 765 433 -902 278 154 852 -556 -477 -327 188 -394 -491 -741 76 -531 
290 401 -573 -251 -561 -353 -293 740 673 697 1000 -1 -119 199 -924 -269 -443 -422 868 854 -31 479 849 -558 -720 230 -942 741 694 -867 198 -188 -954 534 -528 -314 333 -257 374 469 965 52 751 -655 136 -351 702 49 -464 662 878 -303 -775 -260 -899 735 -514 137 405 -794 641 531 -718 -99 225 -264 -189 -105 987 413 348 692 -230 280 -966 -998 -879 -554 451 571 
13 -428 57 -347 -121 -122 580 360 -278 -627 -65 -404 -785 630 639 -556 331 -216 -969 -948 -750 -377 -570 116 -631 772 98 -544 33 108 614 741 582 112 -184 -140 41 -114 -762 -341 967 81 215 109 698 853 852 94 446 -497 274 -887 989 -310 868 124 456 -801 613 44 350 572 337 -684 -894 -427 833 -848 -638 -139 -901 -815 -743 -606 -872 -722 -304 759 909 -59 
912 -429 -113 -599 -209 4 -605 -720 708 796 243 613 -759 817 813 -832 -608 -154 -267 -105 115 812 -558 775 -654 -229 273 -604 568 -527 411 -212 959 492 579 -486 512 -550 658 -591 571 -394 196 217 -594 -733 -290 442 180 264 856 264 -585 -701 -26 376 -752 917 335 -761 -979 -188 -3 827 -975 398 913 538 277 216 813 950 104 333 -501 -954 -582 -56 -539 -292 
-846 483 -625 685 -458 -946 -428 -29 616 71 793 626 -94 662 652 113 -783 -82 -911 219 822 248 -587 -51 -672 -843 -106 879 -346 -343 382 560 306 915 -744 514 -39 157 -892 688 -993 -509 315 273 -827 806 -776 689 751 852 533 -690 79 -430 20 -577 249 826 171 603 -298 525 876 -492 278 621 559 539 -760 317 188 -530 597 78 -229 193 143 -146 859 653 
50 984 -898 -470 894 463 -715 801 508 981 387 -613 685 146 -779 -849 -786 -727 -98 -895 661 559 571 -870 763 -10 -58 450 -196 1000 -522 689 86 871 -562 187 154 459 -850 -283 -557 -311 -676 862 66 -42 -838 -678 -220 119 -514 -333 770 537 844 -210 -558 544 401 -45 886 59 159 -225 -516 -658 281 160 967 140 130 355 331 -743 -817 297 310 797 302 -978 
-614 893 299 -754 -928 566 736 637 -728 609 -990 -732 -284 -573 -306 160 -429 906 -899 680 -519 874 461 -229 -340 979 -988 933 -590 -764 899 298 532 -24 -527 504 -380 -315 411 -873 -288 -378 -862 -501 339 350 616 966 -781 -292 11 -320 -466 -464 476 -88 567 -776 631 -215 -657 -569 202 787 -795 528 490 -829 140 676 357 -521 -795 3 369 -796 816 -939 762 453 
326 499 154 858 -410 -523 -444 710 768 -372 -535 448 -516 -826 458 934 -106 362 -6 927 -306 -888 -817 546 260 -417 578 289 366 570 365 -148 -486 839 611 -672 -105 -212 -174 -804 -22 -305 -287 720 292 -292 518 -968 497 735 370 -63 754 80 -955 -703 -392 -663 -908 -367 981 867 287 51 353 946 987 -938 30 -987 -497 -133 248 311 855 -741 -757 -207 44 -642 
144 -892 201 -791 -405 256 -490 577 -156 396 -887 601 -482 -631 -422 159 638 -442 -710 -406 839 -603 -489 734 189 554 973 34 368 518 -610 -350 332 125 60 -248 -916 956 880 539 445 -27 157 231 -495 -465 -203 -872 -198 -461 -521 -411 -326 -976 338 599 684 -665 769 -913 -50 -376 662 531 -521 677 -901 -819 878 709 672 -469 -598 -570 141 -742 -262 -3 100 -697 
666 -449 922 -73 -912 -812 127 -385 894 405 -977 835 -263 -638 944 -155 -19 175 -592 210 -797 -816 804 184 -335 966 285 -620 -661 676 -981 49 -452 -143 191 -175 827 -67 249 -420 820 566 616 505 827 -817 -946 166 398 15 977 -560 466 701 441 39 -809 -390 637 684 -415 -509 -888 -331 794 -341 -227 982 40 551 -846 -670 -911 -270 50 -975 -822 -687 977 -19 
877 588 68 -976 -968 -286 -833 249 976 -984 -484 -209 410 153 -345 -739 968 -195 690 642 -546 585 4 705 336 -14 934 -892 99 582 -799 285 -59 964 -453 52 -506 -453 970 -459 -321 803 708 786 -361 -384 387 -142 770 -11 54 5 -790 -705 -517 137 -216 193 -136 53 -99 579 -59 -966 -979 -726 -256 -960 140 418 424 -64 39 118 -548 809 467 757 -211 -10 
763 -375 834 -544 979 -890 687 619 71 -647 -621 -629 -998 152 372 93 986 -178 -854 862 -72 207 -676 -32 -117 475 252 -843 -491 -863 -676 236 830 45 -880 -619 944 537 236 -951 895 -397 447 -601 372 516 -47 353 487 -828 96 332 -615 766 -575 964 -472 30 -818 -394 5 752 -889 -959 -660 -409 -462 -579 -19 264 -199 939 -665 818 -990 -872 -417 -548 257 296 
-571 676 461 327 -42 -46 217 702 599 560 565 568 -192 -140 84 596 -644 -160 -381 340 658 -751 79 573 -544 659 -20 918 -529 755 908 -79 61 671 476 819 467 -406 227 -849 54 91 626 -634 -533 490 -569 -331 614 93 708 -292 -409 -381 794 -898 248 -725 -843 -270 376 -234 904 209 299 354 -554 -636 181 -248 606 -132 -919 -544 -957 -524 -483 -18 -209 -995 
-460 -102 84 -856 991 119 -290 -491 -737 54 741 944 914 353 -726 -414 881 -649 -681 554 -47 495 -482 973 956 -825 550 -586 438 603 -147 -560 125 -8 -7 -30 -295 -615 66 -933 -34 -902 -307 -846 -480 -641 -651 141 579 886 455 -372 217 422 -164 776 -927 -639 -397 746 160 966 290 -531 -127 558 694 -729 -834 -22 -326 585 426 -389 748 814 -312 -30 328 187 
98 -775 76 98 -497 -26 541 242 731 -60 174 -197 988 -806 225 -380 926 -728 -886 353 79 303 620 985 949 -853 -657 978 -345 49 459 -923 229 -437 728 -528 -360 324 466 -283 -861 -530 570 888 -147 -66 481 29 -941 -763 598 -189 299 761 -646 183 -679 515 -178 -102 -225 -746 -278 -409 920 917 -431 -896 -608 587 -724 438 193 -962 442 854 515 299 293 -110 
364 949 -253 -309 810 -370 496 -354 835 981 -313 478 51 -43 -633 285 951 -731 622 578 479 -39 979 -932 152 -153 651 -388 -895 -286 -578 -407 -689 -469 721 195 -965 -638 293 389 977 -995 -530 -356 -623 719 274 -566 -68 -297 -398 -752 -844 321 -462 -669 577 -907 -201 304 -474 -374 -32 -202 -13 99 331 -203 976 665 -207 -91 -985 -653 -808 -109 32 479 -787 -84 
672 -252 -333 -713 175 -77 -680 165 -519 687 551 -214 326 -966 -838 -456 117 -315 -244 -974 560 211 891 -304 941 371 138 942 -191 493 584 -201 774 -899 -121 -161 788 952 -958 -590 557 664 695 -606 -251 -83 -399 -678 25 -849 550 -783 905 -394 -815 -258 300 627 246 384 331 518 -757 376 -40 187 13 -264 487 107 -541 -727 -549 482 -157 -880 -253 -596 501 -122 
701 -909 -323 -440 -660 338 801 322 -431 -680 615 -976 676 564 -499 -588 864 617 143 -981 215 -604 418 -780 -802 -669 -577 -912 -239 -837 460 737 -131 -823 139 571 190 -962 827 866 210 241 197 607 627 929 -111 450 753 975 -300 -335 -480 612 -314 910 -959 23 -335 -645 -332 400 -981 -87 -374 -455 -792 -542 -341 247 595 -404 520 -406 186 842 -3 -809 -743 696 
180 167 636 -697 490 705 -526 -752 130 -220 810 226 -373 -201 -233 -579 -431 301 -521 -983 168 647 -534 620 115 807 -163 479 -410 -340 -324 -624 598 908 -543 -221 117 -595 578 -362 -588 560 667 -261 -488 -344 -458 594 185 -212 262 -338 422 419 115 312 -906 956 600 858 -402 -626 -444 -723 313 -443 522 -630 -478 684 748 -600 -744 -51 152 484 -593 -479 783 626 
258 121 310 -985 424 156 797 490 -63 -35 -972 -658 -977 417 -336 403 8 752 358 -315 114 341 875 -620 648 -206 242 -676 971 -87 -199 647 -200 679 -757 431 -414 47 -102 -679 -206 596 -602 -999 163 -856 -902 -615 -837 -184 192 510 -991 -936 -276 -663 499 -599 983 260 -410 932 -638 -12 5 -225 -473 -514 436 -889 896 522 646 131 -337 -484 -554 417 693 -408 
-241 -616 459 -551 -752 -695 384 589 -492 -526 889 824 700 295 697 -506 -738 440 64 -796 -414 -390 321 -643 420 730 155 648 -662 -347 146 194 776 -574 570 74 292 -989 834 -979 156 -241 966 -949 -968 -466 -885 -732 -24 122 773 -284 863 575 -158 -160 -239 740 -729 -862 -298 616 130 -854 483 140 616 -195 156 817 -421 -157 -485 144 110 69 341 -612 719 -921 
-55 769 115 -169 -738 -427 350 444 -43 953 -889 -941 548 -84 -214 -128 722 152 -616 -839 543 467 -640 984 -845 -130 800 -506 624 709 692 -158 621 318 912 786 316 673 285 -272 -224 602 -827 673 -899 459 7 -883 -924 233 982 636 53 989 365 -4 709 -422 -904 -46 -526 743 -473 650 -43 48 -638 825 -590 282 645 108 54 -157 -902 627 -316 -67 658 -1000 
590 747 651 -94 -719 -785 -778 -291 -188 74 -162 -531 -906 -363 -495 57 -34 915 216 -814 715 -183 245 151 558 449 5 -82 646 474 -12 274 616 506 503 220 217 904 363 -920 236 604 -779 -775 47 -841 149 -291 887 -270 -459 -475 -152 688 -803 421 937 349 915 -294 -937 -767 899 -485 -204 -809 -625 928 423 674 -801 889 -787 -546 767 -681 -312 663 -639 -671 
