140 18
574 -54 -624 727 745 629 699 -416 -290 298 -69 -282 -911 -959 -334 -613 1 637 
-426 -378 34 -27 780 -634 440 558 -207 147 406 157 -708 -151 235 225 -912 950 
913 -813 -322 766 927 -871 185 116 901 319 -366 382 -541 722 -434 -367 125 121 
539 316 -852 -939 577 275 -888 531 -309 843 -597 -965 -71 -462 521 -998 -810 162 
328 730 729 648 -441 -662 -165 -82 966 -781 419 -479 -305 -965 -254 -6 297 289 
-353 156 863 -659 -22 -771 -619 -11 888 966 142 508 -671 -695 -845 274 484 -784 
-37 60 231 -12 34 674 232 -94 517 -416 442 -285 -148 371 -274 -764 -1000 243 
-158 929 -353 396 -543 -748 712 15 -123 -114 -343 368 -277 -643 673 481 -859 364 
-558 -322 651 -979 216 -624 -709 -39 -682 -681 875 989 -72 743 -391 527 -642 634 
958 30 303 30 67 -416 777 -360 -220 742 -506 53 -395 -244 253 857 532 538 
956 -934 2 -587 473 700 -460 -463 324 -446 -81 -239 -666 341 -566 -69 638 343 
-342 89 -70 944 -724 925 522 -512 92 699 724 -324 514 365 886 927 612 -831 
881 772 -908 -837 293 484 -739 800 -84 344 296 -987 -462 -462 174 -945 -290 812 
-421 922 285 44 624 -376 -32 -889 -200 29 691 963 -451 -558 -372 845 704 162 
-723 879 862 -498 17 905 609 616 -882 -654 -66 -659 280 -33 23 649 782 330 
-888 -241 -873 -686 860 597 95 925 508 -716 292 -510 -286 -822 704 786 382 -551 
-920 975 -148 974 464 208 313 -375 56 -860 -54 842 -722 -860 -845 -658 946 -240 
-223 -151 -694 62 -834 862 491 222 -661 -310 646 -610 22 669 441 545 -541 261 
-123 -92 737 -748 -693 -259 830 211 961 145 78 -895 845 -749 375 -660 814 -931 
17 -953 80 -46 -981 148 -961 -307 -876 -109 -553 -626 -884 -744 -261 -73 -728 -199 
704 -312 155 -227 -316 659 -249 -531 247 486 -169 -176 -492 43 89 644 -731 189 
-851 169 721 644 -72 -282 -72 579 -889 513 -635 -882 -633 -579 640 907 -739 -635 
-540 -461 615 584 725 588 461 -695 -350 -322 -821 905 -882 357 865 505 -833 965 
372 -166 -118 -816 -45 -132 -351 -516 37 -74 29 -26 685 -490 382 601 -374 -338 
-374 213 -123 -673 -840 -247 -542 -376 -111 287 671 735 851 440 899 406 458 809 
979 -584 264 707 -564 -910 835 851 -716 -73 -818 -792 538 -844 -145 535 -717 34 
-889 -865 906 -657 -58 769 539 876 722 556 -837 -992 -51 -692 -380 -949 844 -471 
-761 811 -464 -756 -55 489 515 -869 -13 -957 -658 -606 612 -928 278 -246 638 84 
-161 -277 80 -412 394 -456 694 871 886 -347 699 371 779 -400 -161 -256 -348 551 
497 -486 337 -896 -719 700 187 -110 503 -21 911 510 897 646 -137 -303 337 -31 
642 -278 -71 -934 888 -580 90 63 -905 -111 741 946 18 -278 -155 -62 -100 -314 
-350 945 -820 -978 -785 -351 874 933 867 729 -236 540 -139 -1 468 877 418 -902 
-647 30 -414 -185 871 -344 -958 -639 756 353 385 -33 -840 -491 -121 367 147 293 
285 -332 382 -588 -536 408 -332 323 -982 -977 560 422 -666 -761 203 -816 564 -343 
-566 -860 566 -648 237 260 -964 -895 816 -984 -26 -399 -937 846 412 794 -556 213 
-80 240 500 -21 788 421 50 105 925 -362 -944 379 -295 350 244 -796 -110 676 
728 699 591 -565 -152 112 776 -832 410 -397 599 628 -435 359 -138 404 -685 -415 
964 -298 -597 -365 812 207 432 -915 116 -789 -226 134 -979 88 408 -625 -199 783 
998 -851 -106 861 913 805 -9 -671 -512 -458 350 727 289 -867 -672 -386 809 -243 
-370 -759 922 -535 -685 234 383 631 452 954 841 76 835 833 -837 684 359 76 
-801 -398 -207 909 -46 -948 -612 50 432 699 364 -315 -800 401 -510 -958 123 -157 
280 -254 -25 77 -560 714 14 428 -519 -575 -576 691 709 81 -235 -521 -249 -831 
220 240 -109 554 -125 -691 -676 -915 559 -647 -454 -806 -616 950 -988 -597 -948 145 
337 -935 -424 -630 -537 -598 176 940 -987 805 -692 4 -197 388 486 670 823 292 
782 495 -381 985 808 385 -931 208 -998 730 -87 716 645 562 742 -347 -471 -231 
883 -834 973 705 -49 -578 -284 -190 212 -704 343 37 -429 265 -496 127 360 -283 
82 -927 -10 -170 722 -5 -542 995 939 521 -68 -359 -752 -836 -97 -403 -966 847 
42 727 461 663 549 733 189 327 800 -382 716 968 -857 411 368 757 -918 5 
-95 -325 -965 136 583 313 -866 -876 -383 -113 562 53 252 -610 -342 -358 -352 -132 
633 -550 869 110 -8 867 -145 151 -488 176 3 434 874 -267 785 563 192 207 
119 -610 -315 -529 -11 226 -400 142 615 -886 880 -587 348 546 -616 -255 487 637 
887 -169 -353 893 -536 436 -221 550 -808 -981 560 -248 -734 -336 -581 359 -503 -818 
525 -731 -270 -225 -695 -209 401 -165 -5 362 -943 -660 -688 -36 -337 -927 886 -610 
-314 -99 -138 -291 667 -114 487 997 -689 811 -959 937 402 -159 -951 -666 -949 509 
-502 -704 -503 203 -707 898 -512 -388 446 890 119 627 -732 -614 -529 -414 -844 -109 
922 -71 836 -347 -893 168 -359 -637 315 -138 -31 -475 -495 52 858 354 497 -925 
28 -977 -117 825 -374 -68 -487 181 -631 -431 274 -479 -755 -367 898 -774 933 -212 
940 -397 597 766 973 -550 -188 -889 -288 860 -120 -466 -12 -190 -503 -379 268 -632 
-67 -885 -390 670 910 -609 325 -481 -72 451 -169 212 -170 -605 766 302 -90 421 
757 -23 -408 -300 547 798 651 239 -145 -26 -368 435 857 -697 819 106 -684 -611 
707 -216 -544 752 -777 -566 -304 209 -703 566 -432 701 590 -718 -548 -103 -217 508 
-284 -937 -194 -805 -40 -894 237 306 268 -225 -655 -175 -636 -51 -979 48 -933 -541 
-421 -21 982 -202 447 280 -327 738 -16 755 -131 721 -101 863 -614 259 463 797 
468 383 528 -275 136 26 308 -719 -747 578 -943 -224 -408 470 110 109 -597 -603 
233 -616 22 -787 -491 -17 -823 -869 683 -515 -783 716 303 -193 997 -500 -505 177 
-81 340 323 -365 -530 751 -108 552 -162 623 501 576 -278 -583 -14 -66 -383 -218 
-282 943 -203 673 458 -781 453 120 -910 -410 -548 987 -423 801 -422 461 -839 270 
320 -885 -308 -621 880 -773 -938 351 -104 158 898 -384 -45 -50 -686 -14 78 674 
-653 275 26 -230 913 -457 -306 -731 175 469 280 330 280 577 131 -919 42 553 
629 -210 228 65 737 119 123 -880 -610 140 -302 739 -382 -823 -551 -208 -467 -249 
605 -926 -481 -571 411 -811 846 615 -657 -937 -205 -776 587 635 -763 968 -303 -892 
-524 -103 279 337 -750 -31 -546 -689 450 -771 424 -773 697 -569 522 662 -55 -567 
365 -963 999 -839 -742 589 853 -458 -10 163 258 522 561 -374 -141 427 608 984 
-464 246 -848 24 -656 21 -104 515 630 -10 73 -664 -405 473 68 12 -280 -405 
647 -803 973 -307 -236 -487 655 248 704 437 -830 684 -830 -70 746 -168 -425 976 
155 -848 239 -308 -229 -573 -139 895 183 -631 -62 -855 64 -242 -283 -947 -447 10 
-766 954 -43 -518 -225 -375 -864 -1 -663 -683 -135 -181 225 593 -89 -361 399 -717 
-987 -415 132 904 -121 -729 820 -782 -365 -509 261 -24 -715 928 767 231 -138 665 
-658 275 635 917 -539 121 144 -228 -116 -674 -680 652 106 -521 512 305 -727 845 
-131 -889 -662 277 722 53 566 293 526 -5 -804 667 -150 989 422 28 -605 991 
151 457 545 -55 160 908 36 497 -171 -777 575 534 489 -20 951 -57 -166 -16 
307 404 -970 -534 -156 449 471 -99 768 876 363 882 -602 533 924 -212 -836 -311 
-193 -425 -396 32 152 98 -839 -859 -855 406 855 733 -677 104 -381 -677 -356 -369 
-485 -175 794 -996 959 98 -514 -280 408 67 -382 293 266 -969 780 26 -425 -789 
-846 393 125 96 573 414 -970 486 382 708 -266 -773 942 809 233 -716 584 -383 
238 -294 154 640 689 -119 448 639 -954 921 -344 232 177 -913 664 837 -455 -458 
541 126 733 -628 -353 439 391 414 -792 61 -257 -924 781 987 143 -214 149 691 
-339 -688 773 -572 -146 -204 447 -930 247 315 -880 -383 -639 734 944 898 -959 640 
128 -161 -610 366 147 741 -32 -418 152 306 -645 932 265 -625 -293 -743 645 872 
-560 -995 -257 537 -508 -182 416 -619 636 881 -574 -631 901 543 -854 -961 209 -566 
-715 327 478 572 -435 274 659 399 858 -20 -235 -613 -852 -710 245 920 -915 353 
-627 96 241 31 -932 -219 -639 872 883 56 -69 -642 115 205 -852 -850 683 -853 
987 416 356 -152 164 -757 -871 440 -825 -578 -767 -32 558 113 309 166 -528 -885 
-840 -47 677 465 -554 46 594 -840 -821 -633 347 409 900 342 -735 -64 637 400 
269 -331 739 -930 -59 693 -1 -269 463 434 -225 597 -907 -930 398 951 707 929 
-31 217 601 991 -633 982 725 -769 785 -863 -392 704 -82 -739 -791 578 328 436 
-869 969 -196 -628 913 -821 -570 -6 -396 521 -172 541 541 -181 53 96 -74 -798 
-688 -615 903 253 -906 -652 524 800 722 288 819 383 48 -627 -339 -533 -995 -21 
-101 -69 90 150 -904 338 597 -921 386 -848 360 -967 800 710 -179 -543 -160 -891 
14 776 -999 365 -473 -279 -513 -567 867 -761 791 682 296 -942 -715 -471 501 -603 
-475 273 368 -266 -561 -391 84 999 -731 -495 -161 740 -284 599 -689 -447 177 -750 
-808 853 -322 433 -951 852 866 966 -691 -528 -77 31 -959 -578 -147 556 -472 -857 
-225 233 548 766 -255 152 216 874 -774 403 -718 533 -576 964 -894 -887 713 77 
-631 701 789 -57 -409 686 371 489 -681 490 925 889 609 250 -685 -54 -603 285 
87 -667 -539 -472 -316 -416 -457 -718 -705 -900 -890 229 967 -479 -562 46 -422 457 
-802 -199 -921 -706 -21 -52 865 155 -209 -220 -302 -944 240 -718 -696 -706 -202 -739 
-210 730 -835 -536 255 -71 933 -971 574 -530 25 753 912 -932 481 -703 -360 493 
65 880 113 274 257 459 -593 226 754 799 -557 -702 -835 114 418 128 535 -170 
213 887 836 366 720 -629 521 12 950 -302 -478 277 -851 -782 918 157 -454 908 
379 417 701 570 -357 995 649 240 -392 432 562 513 -135 -599 -604 805 -27 -652 
246 663 -233 915 -101 709 -191 551 288 -375 917 809 43 -699 -467 42 822 -794 
990 -187 -818 -220 52 543 836 -351 493 -995 -705 891 251 285 -508 531 657 -368 
-537 473 -339 -8 193 713 242 -904 -284 -645 -120 -711 321 -505 59 137 -571 537 
213 -204 -223 -29 -277 971 892 -814 473 -911 -535 -134 396 120 -523 59 -294 999 
-640 241 -319 -409 558 -905 -646 -374 454 -329 -426 996 -343 834 -981 126 774 481 
212 -931 230 -546 717 -393 432 -554 394 -244 248 -156 -450 -898 -609 806 590 -210 
-709 721 -240 -99 -183 733 -218 -861 -438 80 148 -461 321 502 794 -522 -922 672 
-931 468 -356 391 74 -774 71 -610 -567 96 -72 741 773 87 -887 569 267 646 
-918 -474 -368 -420 -708 -528 -179 261 -736 -621 -922 -829 826 851 936 359 -95 437 
-874 51 -646 -543 -413 -552 -119 -650 665 -897 -623 -690 -60 380 -587 192 735 478 
702 660 -924 161 60 236 465 -416 843 143 -789 -525 386 -692 -97 -214 -673 -163 
437 -73 614 -848 871 -703 573 -776 893 238 -101 -292 125 -277 151 -953 905 245 
-940 518 140 -954 471 -33 -13 239 498 270 667 -371 -781 228 503 664 -10 554 
-55 242 -905 976 -367 879 -738 976 -204 101 445 -963 -501 483 956 745 646 858 
442 -175 265 231 -431 776 -641 -62 67 -937 -23 -615 217 801 -436 110 -750 638 
-664 -365 -809 235 432 -723 -604 253 -658 -878 89 -708 579 908 147 -512 480 933 
138 936 -627 122 155 -381 364 781 -979 882 -669 740 -307 -685 -907 -697 -284 285 
-325 -235 504 536 290 -881 325 -886 -815 764 -468 -870 611 -608 63 -407 219 -457 
790 627 -577 -345 106 -975 -842 936 827 -381 -341 -137 310 346 -739 -71 273 -603 
-521 809 -366 -585 -234 -517 -107 28 -641 -871 793 -661 -874 747 -609 -288 -647 822 
-151 -988 628 607 -866 289 941 -868 895 437 852 92 808 906 221 50 -962 782 
-764 -377 530 351 595 749 668 538 776 406 -627 67 -658 771 231 -61 408 103 
616 -937 -298 -222 710 70 -266 753 364 -646 582 467 -814 528 -43 213 -288 -285 
-820 -480 591 772 -374 -650 -725 942 679 -483 978 -244 957 820 609 441 -169 -734 
710 -908 -337 69 -112 -385 134 -89 -652 216 775 93 -355 525 881 -214 -368 642 
-459 543 379 -968 -290 -804 -988 -287 120 -517 -598 271 -339 -569 -238 367 638 941 
181 -483 -459 819 345 -988 728 655 -113 399 905 -149 943 -470 -891 -152 949 -526 
343 524 -579 -879 625 335 893 -521 -767 717 -514 -634 -43 719 720 455 -818 -687 
719 552 -241 -151 769 -177 -584 493 -964 -755 995 -530 -976 746 612 985 558 903 
190 -481 469 622 861 -933 740 -338 -868 931 89 -985 117 475 679 -994 813 389 
