172 25
490 578 -139 34 909 352 870 377 -226 -21 -822 -65 -578 65 63 301 -378 -156 -135 -192 -400 267 -638 325 91 
641 -704 -151 719 -205 300 -607 295 165 777 -302 879 106 254 -701 -791 104 -671 885 -85 182 615 -189 -739 -943 
183 -11 100 459 50 791 -606 -615 -841 362 716 80 292 561 951 -142 -577 -857 -501 168 -843 908 321 -462 -942 
-770 -65 863 297 -565 -49 -609 -834 522 104 918 -904 959 -111 -461 -144 -352 451 -957 -328 -193 -105 757 -711 -78 
-837 -227 355 201 694 248 -437 960 897 -310 565 983 700 -351 561 -693 546 834 -752 -17 -689 -761 -837 271 -809 
-576 792 -148 429 791 3 205 528 98 -172 819 -850 437 -852 751 -766 899 -915 413 -409 -210 -946 -741 665 976 
-332 758 -275 669 -566 512 850 399 925 -491 -682 -165 -466 -553 -957 418 -224 365 -209 -492 -301 890 889 106 -861 
886 913 226 -355 888 335 903 369 805 -203 -835 29 495 383 -702 -610 -820 -103 302 28 -798 -418 738 502 -476 
-157 -107 5 -454 -531 -778 -517 629 -364 227 661 700 -38 -339 18 -699 -244 -815 450 -646 -328 -798 260 -1 278 
-26 462 -220 -953 -983 897 666 -575 -580 -696 -960 -106 -57 833 942 -382 -668 56 39 -955 -440 -792 -287 516 151 
-333 -525 564 92 -149 -292 28 597 -145 -160 445 79 -440 -601 567 375 -92 -483 128 -26 -181 -783 -244 222 783 
335 400 -648 219 -15 122 676 126 604 -79 96 423 -86 -827 376 -379 -672 125 574 -653 179 -779 434 53 51 
-930 502 940 -827 205 -534 -736 129 -384 271 -47 -986 296 -263 939 -347 588 708 -61 593 -629 897 -454 -851 305 
479 -7 -663 344 417 628 369 289 663 -587 328 461 671 -947 630 251 -180 709 -263 -809 203 921 -565 823 797 
-684 934 608 -685 -298 -200 901 -816 246 60 487 333 85 847 607 715 937 -85 -264 -183 -575 959 -33 538 -226 
-702 -920 914 -713 -592 -210 67 211 -285 924 81 -671 -184 47 -546 985 460 345 -736 487 -309 629 815 -311 960 
932 492 722 907 -553 680 420 -561 -59 775 657 -286 -484 -425 -586 -558 781 272 758 -443 -963 208 -830 131 766 
-435 -26 -478 -474 510 713 -190 803 -229 13 488 -117 526 -448 407 0 829 545 -48 -488 785 611 495 -565 62 
-951 -164 -294 -968 195 791 504 394 -844 364 899 283 642 -209 -145 -470 901 -127 27 215 -46 85 362 -623 -892 
-25 598 683 12 -221 -594 17 -428 587 -320 -818 124 967 13 136 185 -109 705 338 412 77 28 325 233 408 
297 315 244 -561 -355 -97 -375 961 678 619 499 -635 -498 752 -466 -515 788 970 685 -639 754 -82 -353 -623 154 
-916 -578 -892 -537 340 961 -159 370 -956 -409 -713 403 -170 -269 491 979 627 -885 870 537 -512 -11 903 290 -337 
-816 389 -265 -660 153 -15 -787 -385 744 -381 -493 591 -515 573 -854 701 409 -965 790 872 274 -64 351 -914 928 
-448 -57 772 -261 -630 -79 378 548 727 -41 833 934 612 99 953 186 -279 397 -23 214 -155 -393 34 123 -990 
-93 -532 -540 525 766 -139 624 605 815 111 614 442 857 -614 -818 -975 561 883 -796 -986 -251 -701 453 -822 -434 
385 -158 97 767 798 -616 886 47 -589 -347 488 -275 476 -152 -406 548 -768 -537 235 -435 -646 -534 273 747 652 
726 935 -593 355 501 67 171 -864 -785 -67 -786 -576 -635 162 -179 735 634 -740 654 932 -492 530 -738 -727 -94 
-891 -757 -709 -240 550 -616 258 -24 442 479 263 113 90 -718 -147 735 876 647 -810 819 -242 261 972 662 12 
23 56 -591 256 523 178 -648 521 -579 261 142 289 269 60 -628 -372 368 495 245 561 848 129 602 -397 -89 
138 -234 -763 -897 -768 -183 186 408 -57 -67 599 798 -74 -754 78 200 -422 867 -811 -331 440 -8 642 677 957 
-332 -27 749 -361 442 806 36 -313 -501 -345 -81 -980 -273 -583 -691 -854 895 -322 -473 976 790 -412 -432 727 47 
-391 -996 69 -41 995 444 88 942 923 999 206 973 -655 912 726 -957 594 406 -481 -641 6 752 -569 115 -42 
417 -953 -907 211 10 742 704 -876 637 822 87 -100 -946 774 -136 765 280 -179 -770 899 -325 -450 -603 770 630 
-95 -279 701 -99 771 -582 126 340 -127 -305 -457 907 826 -113 297 329 -296 -702 -31 952 165 90 -514 -141 -320 
606 -905 921 -815 -47 108 872 -469 -103 235 352 -48 440 336 -784 -389 157 -177 -326 444 -864 -475 -821 -649 39 
77 365 104 -489 -984 178 -434 912 -671 -735 433 484 121 -505 630 539 -276 580 806 -240 -583 -290 -68 -625 875 
763 -236 663 -975 -36 459 -26 374 727 -679 -521 -801 -999 361 670 632 -614 -672 946 -843 -927 538 -436 85 -303 
-394 -683 868 -798 291 554 -559 -892 -756 687 107 -701 354 -91 559 744 562 -155 -171 161 -908 -94 878 267 72 
-739 540 -988 581 158 -461 -710 948 482 -175 301 674 405 -220 -39 -507 772 715 -667 -58 -133 415 622 271 -449 
-654 -68 -786 -534 -631 310 258 86 -663 -556 -658 -41 708 -423 -556 -797 -858 -614 -359 592 882 -294 -745 -671 810 
-301 -886 98 628 -966 120 -879 -587 -470 -610 472 -396 951 51 86 -615 176 -232 279 -265 -713 64 821 264 -247 
-347 -871 -442 521 -923 -849 -699 429 487 357 -169 156 976 -208 -504 112 717 136 -571 -836 826 -355 -318 -575 -859 
-151 -916 -465 107 650 141 -737 -560 -857 -615 506 672 993 641 -688 -332 622 -293 204 -877 437 -309 -827 719 -573 
-549 -307 617 -171 527 158 532 48 -827 -623 -403 640 665 603 697 -911 138 939 -532 579 -702 982 238 -335 146 
-133 -31 687 767 -71 -420 -943 285 574 -924 27 922 568 -279 535 -503 867 448 68 -450 742 771 465 -611 -888 
-43 -270 -209 -957 -467 42 151 725 962 362 534 -465 -758 -522 261 -305 -65 -877 342 -17 -968 906 -16 -9 922 
604 -741 -931 255 690 395 527 5 -756 -613 -766 -607 980 -820 648 144 -915 375 521 -684 -799 -59 709 624 -939 
-899 582 -861 693 898 883 -690 -292 27 -792 -514 393 -697 413 -726 -63 -317 -587 725 -829 -69 615 -218 -929 -773 
-209 857 499 972 -91 -771 844 580 471 63 -214 -128 717 149 -132 401 558 192 -487 861 -882 97 -172 -257 -414 
86 513 265 -157 -636 429 -628 -930 304 128 441 841 -593 39 -289 233 -66 903 977 825 486 907 -904 -295 357 
-516 -109 439 -435 -776 847 923 -862 -220 -88 -645 -322 477 862 -818 -847 361 -710 317 24 -532 478 -674 -278 -16 
349 -891 784 246 661 529 694 -819 518 -596 -218 -37 -9 372 532 407 591 624 214 -632 423 444 758 -420 439 
-992 868 -197 216 -447 923 224 489 501 977 456 612 -824 -922 915 -358 -497 -579 -933 -790 6 -825 -395 159 -493 
-485 -154 595 -659 -425 -593 79 -641 56 661 -426 -926 -556 -986 978 236 -64 900 -139 673 105 996 -950 -100 989 
-218 -387 -876 699 896 -811 -70 -255 -623 -65 -213 -652 -129 -730 895 35 -165 973 -70 -219 -558 354 -28 226 -474 
703 -13 412 -481 -609 -215 921 471 -405 -784 988 -295 884 356 -236 519 216 -305 475 812 -532 -754 206 -374 -508 
-212 336 505 -65 583 287 -704 225 638 -416 -918 -140 398 591 -13 436 33 -907 -575 496 501 266 416 926 -310 
97 721 182 -969 -793 -722 160 -6 -15 -627 -381 -383 -854 -847 543 419 991 660 -319 53 -524 -412 -279 -10 -372 
422 -575 901 -269 -816 -948 437 -708 -378 -692 603 755 199 -23 -68 516 447 836 -82 768 14 -756 877 227 490 
-908 935 461 243 141 -297 -908 -265 589 -163 -610 -978 927 -506 251 948 -16 70 997 175 63 -198 241 15 -705 
223 693 -911 951 -431 122 643 621 103 586 990 183 -575 664 714 -616 -912 428 -139 36 -866 867 290 743 872 
452 -272 -661 -41 -304 506 -394 233 -978 -279 -697 -224 920 -592 -628 104 599 -193 638 643 502 -559 837 892 -980 
108 768 757 -727 955 -719 817 -84 -336 29 -893 725 -918 -713 38 -691 -470 867 167 442 -891 -394 -261 515 -494 
143 -735 -318 766 952 856 762 -537 549 133 370 -877 481 -125 463 533 793 -970 471 -945 -588 312 -267 748 920 
776 -753 -505 -491 512 345 -786 -252 -409 89 8 352 391 -438 -399 -257 -191 673 225 100 631 190 -849 211 -847 
-210 851 -780 -681 716 6 -28 993 -533 836 -118 -736 421 302 -586 297 -554 -633 -546 -247 476 -777 -943 -431 463 
-399 -756 287 199 608 -190 -47 587 -548 163 174 520 842 -380 -73 761 -782 387 -291 211 -754 807 989 775 729 
-398 597 72 -353 734 50 -793 787 266 -223 156 485 -626 745 672 -292 -201 -716 -912 -756 -995 783 415 172 -773 
-416 645 156 545 -113 924 580 -46 -308 510 -943 956 563 -285 164 -602 597 708 1 -535 -844 -806 111 -426 106 
-219 793 565 299 184 -423 -450 -533 -897 -758 409 122 372 -494 -199 372 172 -69 -658 272 914 246 -498 -812 -337 
-105 -71 583 180 484 152 -206 198 -147 -348 220 839 -337 -968 407 -856 295 602 -251 55 257 938 -138 -243 -66 
-241 372 809 -883 -422 318 -878 -984 -109 440 -128 421 -336 -362 868 28 127 669 380 171 294 505 -787 667 -707 
310 110 511 556 -562 -587 -768 96 -752 -106 212 -662 -574 957 -750 -735 816 497 -281 350 129 413 -967 650 -510 
-358 -667 -64 291 968 -221 -31 173 704 205 -427 -869 -802 -285 -788 -517 -264 839 691 -840 491 554 -970 -453 -98 
245 -616 818 -788 -732 -606 534 514 -102 135 523 841 132 374 8 265 -560 -121 259 -329 608 -563 611 647 754 
63 -737 -57 -232 -736 -149 -84 466 -130 877 -275 496 882 561 -423 -955 65 460 580 579 99 755 -233 200 -69 
-178 -312 -138 -280 -694 976 -918 -19 43 -926 -493 138 387 291 888 905 723 -72 -886 -258 -996 43 -191 921 -465 
-638 46 84 -591 31 -385 -369 344 174 657 358 714 -412 714 -791 -722 -285 542 -991 977 -527 -245 -173 -294 870 
963 816 767 -965 -649 -224 -459 277 57 237 -131 618 -520 -900 455 -598 -514 72 795 -612 582 -780 388 94 607 
-836 903 -66 -650 90 543 -640 -487 -56 -629 313 -695 -160 -136 497 -846 816 686 950 911 -750 -944 -183 -914 673 
-770 397 880 -658 -786 -963 421 -483 -857 937 -542 116 -83 938 -221 -567 -321 -450 -379 241 -535 -850 705 -782 -398 
94 833 961 298 -192 -374 174 482 894 -569 -998 202 -857 -189 -681 -679 227 131 446 -112 430 386 577 811 677 
-905 427 831 -75 -721 -911 -235 261 807 -561 230 854 805 37 970 -554 -226 -366 -806 280 -818 -220 1000 101 -868 
-541 113 103 -929 -368 -749 341 426 -371 192 -81 -582 -278 830 -89 69 433 -305 562 -656 140 202 456 -475 -351 
-277 -47 173 725 556 -892 394 539 508 -839 -29 607 852 185 680 -955 841 549 -668 164 -49 -626 -263 837 -907 
232 5 148 456 8 -950 614 -986 338 -920 -643 828 -652 168 -760 -317 305 408 746 825 -2 31 432 215 -719 
968 478 857 536 388 28 594 183 344 70 -378 -41 -35 492 -910 -680 185 -664 -781 341 16 172 308 115 773 
-118 98 978 816 -645 521 290 -574 605 338 -300 -746 912 -256 -973 -72 340 390 -315 -480 -991 -394 -932 486 -935 
-562 233 -371 -158 -292 -879 617 -691 -464 255 -360 56 194 -942 438 -295 -841 85 150 -945 -469 528 -739 -63 305 
-231 -524 291 844 -440 479 -404 689 580 -19 -413 -685 933 -378 -255 -566 642 -391 370 155 -282 870 909 278 662 
506 413 -336 882 574 779 -135 670 75 592 -551 -124 -665 833 -790 -443 232 3 671 -217 2 -657 -148 724 -326 
163 234 -771 735 555 845 127 162 539 -4 -196 63 -965 -929 -386 -53 140 563 247 -214 414 384 997 -818 71 
-700 960 731 -518 383 -308 387 -628 940 -695 -506 136 488 929 860 424 781 -613 -204 678 -637 886 -57 965 -329 
109 303 894 -468 -146 -260 -382 246 -937 -6 845 -734 858 865 -910 105 5 -920 -333 -96 506 974 -189 -357 698 
406 -595 612 963 790 128 49 774 -526 211 -208 619 -995 222 392 739 851 -897 -318 358 465 -393 -569 418 -524 
868 258 684 -290 -566 974 430 -635 401 601 -186 717 912 -458 293 -985 460 278 796 84 -672 -465 -700 319 586 
998 986 -25 806 632 -915 -484 -288 854 728 738 -467 -89 -357 185 105 -650 827 -364 272 389 -240 599 -709 91 
42 487 920 228 -641 -200 -951 230 64 661 -798 276 -567 276 432 533 933 948 -143 -808 -165 550 298 979 -263 
57 863 -884 -1000 513 -351 -207 400 253 981 -684 -100 -421 432 -573 633 -816 -467 -568 617 -851 795 -794 173 94 
-685 127 -93 369 -379 -780 414 -611 68 325 -619 46 87 444 -190 869 -661 -711 832 349 -105 911 382 -469 253 
-138 13 -216 -422 -650 377 -786 -4 -997 -480 115 -426 599 344 328 928 416 935 439 -347 286 -684 249 54 -821 
404 -373 916 900 -160 -371 -661 896 873 -461 -611 39 497 -755 261 809 494 200 -792 -278 -373 -343 -278 284 81 
290 -316 -219 -825 -997 -327 125 571 -529 -602 -453 -264 -131 -205 457 -950 219 -143 387 658 230 555 821 3 681 
893 183 797 412 -697 -114 -498 -320 556 440 -139 353 467 -577 -598 -822 273 893 -532 -684 -968 20 -32 -807 208 
-75 -152 252 747 913 -10 -997 -18 -683 -479 267 -390 -383 999 847 854 579 -31 93 735 292 -142 -870 -490 996 
464 590 -302 530 127 254 269 -183 42 223 -752 -279 867 -734 985 -968 307 -381 361 -932 -646 870 122 788 944 
-406 -443 -933 994 -56 -206 725 -945 -89 37 -186 -90 697 445 591 -630 136 215 703 -630 -464 -804 290 -253 563 
-436 -225 -900 203 409 -5 -531 -366 580 214 -946 -263 -341 161 839 -767 187 -335 573 223 309 -985 695 -583 -458 
521 -228 654 -251 282 93 -40 -368 -5 -963 625 312 -195 -31 25 501 -750 -433 365 646 -99 957 -792 588 160 
536 -579 -969 -791 -638 -757 -387 -217 -444 470 486 -854 -39 96 -820 878 -657 -362 4 -586 397 -500 349 -615 -541 
-468 671 919 205 417 891 927 378 -754 -70 -443 -759 -828 -412 -931 197 208 842 919 -451 494 -746 566 258 -958 
507 -412 611 -455 -914 958 536 -807 638 -791 670 900 -578 606 116 -986 409 -543 728 -563 955 -715 -55 818 119 
-5 -242 -389 279 -415 -763 920 -733 748 -931 559 -150 -415 -135 -780 269 306 -757 362 598 554 305 511 598 -8 
-504 -425 -362 588 -328 59 717 -665 24 -283 -673 198 -711 240 -751 222 -115 892 -342 -584 257 295 -811 649 -132 
237 159 -150 -12 -592 -919 -177 -394 -282 822 -213 -23 596 -435 -525 892 -27 -766 453 132 -249 236 241 -401 -10 
828 290 -505 -726 980 -436 -239 413 952 976 462 916 -837 -381 790 -794 533 323 -426 -38 284 -242 492 -977 -518 
-659 -920 -742 -395 -666 -405 -258 -815 246 -518 327 648 -526 263 -962 -822 110 -61 -219 -6 705 88 256 201 840 
-268 182 559 180 501 -106 511 -86 411 255 -822 -859 353 327 198 -777 174 -112 748 979 -404 948 -372 -400 737 
-89 288 -345 813 547 -297 754 883 994 -758 -689 -891 797 656 -582 -256 696 36 -132 -482 -536 -23 -388 970 965 
-981 -164 -188 -713 -761 439 13 -474 -517 -108 -947 643 497 -30 136 4 -743 144 -56 178 -975 -818 -804 786 -475 
-241 537 238 -578 -825 218 -187 595 776 695 -155 -736 -924 -65 559 457 853 615 -841 -994 383 785 41 -890 87 
297 708 -485 134 -594 782 -213 -566 46 -894 -545 329 -799 715 178 -586 189 471 -878 509 969 970 -747 -795 328 
313 440 -699 -732 809 -782 -429 603 -189 -316 -930 560 -666 -498 344 929 -737 967 -498 -160 -568 -443 -746 751 941 
-147 -35 828 120 -306 175 -275 -475 -86 507 307 511 886 545 214 51 535 51 -50 264 612 665 691 -664 436 
-195 -363 852 -392 251 704 245 34 -80 235 -543 552 13 307 559 995 -244 -91 -365 -466 250 -120 273 -367 390 
803 -446 -709 128 -72 470 -796 965 -24 -641 553 -456 918 476 448 979 -962 -16 182 -808 -582 539 -963 -843 -371 
-983 260 -574 992 973 -597 324 -695 65 351 584 -680 303 -282 855 395 -584 922 -583 -517 -934 -561 -663 -271 -888 
-628 -345 390 -599 764 -958 -518 -50 319 100 -362 669 461 -308 480 -488 -527 123 235 278 338 986 -737 568 184 
568 -42 259 540 535 -326 -803 -272 -823 670 335 -148 -141 -146 -529 -688 549 514 -614 -420 82 435 -594 365 916 
-546 462 -500 -773 -568 776 892 -720 -951 -517 465 -312 274 -912 445 -721 -536 -943 -801 -522 -974 944 56 459 -559 
-372 -535 -593 640 -332 663 136 35 768 168 -955 918 -286 418 -428 -788 -85 17 987 922 -588 -367 -681 -837 -283 
556 274 -791 -640 -29 -610 -547 12 -925 88 -263 786 -522 -827 -198 957 -399 -607 -171 303 573 388 -422 197 546 
793 611 723 802 419 338 848 465 140 705 -468 6 -293 -783 -884 612 246 -704 -431 -199 -175 440 866 -322 -167 
-693 701 523 583 -261 115 -751 -769 -39 -807 -866 691 -103 -608 -929 151 347 771 569 349 348 -559 417 414 267 
-196 480 476 -851 -528 931 -604 -890 676 -597 858 -473 -307 -516 820 770 -884 -831 -538 -143 624 56 -285 498 -760 
901 317 -848 403 -342 310 612 -320 459 347 -991 -213 -106 80 232 834 928 -959 583 472 343 122 906 3 -565 
408 336 -249 594 -813 -294 -796 552 509 704 209 -137 114 -258 825 302 910 -65 -847 412 -122 596 792 -196 -621 
-212 850 -524 352 548 -21 830 -846 45 991 914 -655 902 240 439 437 -359 623 648 -169 -351 -613 833 806 -970 
694 129 413 150 -115 -579 717 938 901 428 63 604 -194 -264 112 529 239 459 -735 702 958 -442 79 421 -267 
258 -86 -978 -29 107 59 -709 -638 -410 578 514 268 163 752 -540 791 283 -104 556 688 -964 154 -684 -73 88 
817 -801 893 608 -977 -366 -802 -130 665 -509 -704 -659 887 573 216 966 -158 -954 -737 -104 211 -446 -262 -830 500 
-232 -337 -375 -392 151 -83 301 64 297 807 -406 392 897 911 69 -684 -807 -330 -228 -184 639 404 -802 508 8 
-119 -538 -663 140 -117 391 -422 -259 835 -308 -37 -130 -949 -495 296 870 -94 756 116 626 -595 95 502 200 40 
478 -554 -240 -474 311 663 -356 34 -972 720 -627 365 -146 974 130 974 482 -164 -247 422 -226 975 612 -586 -90 
369 -985 724 387 -277 568 222 -772 -702 -169 -283 -26 66 -871 477 -87 -841 -638 918 -767 -446 59 952 276 -998 
720 -902 681 -698 -414 239 -912 263 889 -329 940 239 -421 495 781 -947 634 982 914 859 -298 -981 583 769 -932 
12 -765 -51 -725 -221 -376 192 293 369 -554 -84 -526 75 579 525 596 -447 329 -663 -382 -926 608 -280 -388 -515 
-937 -797 398 -855 -789 906 705 815 801 -120 -763 434 -92 -56 -673 -445 -986 -482 130 -690 526 -425 -73 349 -419 
-802 466 -493 718 -372 -153 -55 -30 -891 693 124 -784 723 -468 -152 154 15 -491 532 -477 -994 -484 319 -721 -257 
33 759 378 179 98 619 421 157 -651 -536 881 538 -805 865 820 681 790 -507 -225 -560 -432 -372 775 938 -154 
-927 -290 238 2 347 -656 -200 97 611 -399 706 36 -740 9 619 -780 -983 776 -13 -781 -621 650 206 387 -80 
754 -988 -89 -76 432 249 652 -847 366 293 643 850 -902 -813 -666 -459 271 295 599 -118 -125 -477 -371 465 420 
376 213 681 -850 -385 -914 533 165 -776 615 -970 -183 717 -742 -522 402 912 -776 -507 -732 -257 402 -856 338 796 
-419 821 881 848 28 742 -229 923 734 450 249 403 -372 192 27 467 -46 746 -995 583 -549 -271 -851 274 -993 
-871 -941 -14 -274 -520 -924 385 -900 -229 74 -193 330 636 211 40 518 -850 448 -776 -235 -474 -612 -516 -286 516 
576 936 2 -604 -382 960 -232 -342 -390 984 561 -469 583 868 345 -441 -447 23 978 -127 60 130 264 730 -79 
471 -213 692 -395 322 915 -324 -831 -550 -384 414 -682 -224 960 739 -546 -499 68 -322 405 543 -890 758 263 333 
526 911 128 -77 680 -431 -199 -800 614 434 106 665 -637 -769 211 557 -350 7 -548 225 -470 -591 296 625 -576 
832 847 734 539 335 540 -733 -105 -135 -725 -706 50 -900 858 -577 260 -742 673 566 -24 -704 -883 -63 -564 -572 
-325 125 489 977 -695 801 -524 729 -618 842 998 -22 269 109 210 -416 -750 -522 628 -114 366 -260 -204 33 953 
-820 -580 431 670 251 -12 879 388 -222 880 -812 796 542 887 -418 -550 -946 -506 -549 -727 -60 960 451 977 255 
684 -547 -39 -87 -778 -571 -868 253 631 -818 -819 337 308 431 -559 418 599 481 95 -660 35 -411 -915 -117 630 
458 407 911 182 704 34 820 144 -392 108 -813 -799 -963 -698 -166 370 -800 500 -958 -469 -456 155 562 -347 826 
-737 -678 273 -812 130 429 -962 947 826 -346 610 757 -575 2 399 -681 -156 -605 833 -935 703 607 -695 -133 518 
104 -100 993 -199 522 972 820 -109 -86 -793 -754 -652 507 437 148 238 -841 -811 -534 624 459 73 -281 -450 -223 
-595 -487 832 -119 -207 -95 -499 -265 -797 -485 -626 -538 -912 -613 -841 -724 915 -764 -591 -560 586 987 -158 863 540 
-263 887 -992 -301 205 -368 427 -328 -372 331 48 292 -602 -641 -545 -389 -100 0 50 -102 214 -47 71 -398 249 
671 -965 715 68 726 -410 986 -385 684 -44 -1 982 -113 -280 319 -46 -132 -675 531 11 450 -219 454 194 937 
906 827 -782 -834 -775 -853 671 179 -353 -736 -88 350 -374 787 942 -698 899 -238 269 823 595 339 573 -611 -298 
-777 -483 396 518 -27 -112 -101 -888 -448 -422 383 -365 -364 -704 -261 -494 625 -871 -591 -846 -808 194 -411 -806 -708 
660 89 -449 112 -619 -120 -406 -431 618 58 576 -502 527 -495 579 492 -113 91 -648 195 -267 319 -529 43 -951 
432 981 19 -206 -78 426 -235 308 181 -383 941 -478 383 274 -392 349 -138 -382 -330 994 443 -655 277 938 -259 
