181 71
788 365 -817 -238 828 -764 582 841 -635 235 -591 -518 988 -817 610 -129 -389 459 753 101 -834 649 307 821 -76 -833 -148 -762 291 -53 -152 -12 471 799 -36 44 728 -20 -324 264 644 -8 450 -243 989 655 831 71 -503 968 431 707 -227 -310 747 748 -309 -38 -546 945 889 882 -281 627 408 999 923 76 543 -431 -177 
-548 -453 -274 933 -251 -377 -349 942 815 -857 185 956 -708 -30 807 -731 -847 -869 410 -354 752 714 -407 399 73 732 445 -464 487 -287 -573 864 209 -933 -645 -203 6 731 -379 555 -223 655 886 344 -887 -520 565 -233 318 416 962 -372 -241 34 -378 56 777 800 748 401 904 706 351 -389 -893 499 706 -383 768 -921 -351 
444 307 638 443 -518 -863 -202 -657 567 245 -688 -799 417 -922 -829 168 727 -514 393 -547 -883 977 615 17 -991 135 -871 382 -975 -911 378 -263 -807 579 -675 -783 487 -50 616 251 625 115 -306 -588 -497 159 226 -173 -767 16 201 -970 880 898 557 -922 109 861 605 -550 505 708 346 -785 -892 132 -795 393 -424 -897 934 
650 517 -656 -738 800 -356 527 248 143 626 184 -923 -664 499 873 -719 -643 217 456 816 -924 438 -200 -448 246 770 -354 556 -621 613 -434 -945 -445 565 -23 -601 307 358 544 -407 -956 -892 -313 628 724 -263 194 719 -811 305 299 -522 -338 242 -463 126 85 62 305 -364 185 -204 -551 775 594 -102 -276 731 -910 -448 224 
444 -754 891 -343 -239 860 76 -734 993 -320 190 -648 -807 284 713 -73 -442 897 510 -500 558 -100 -737 605 -547 -95 842 -566 133 -527 943 -790 240 608 -348 -85 770 -827 -196 -128 479 516 551 -639 -553 -581 -886 436 407 72 -181 -126 -785 -336 -812 680 568 -433 725 784 40 458 125 995 -942 156 -815 -181 -530 -323 891 
-412 -978 -79 162 -118 -785 165 684 -847 -964 -7 91 -870 664 40 -136 -904 471 -684 -762 171 856 749 19 113 -283 -557 -997 -74 135 -863 898 558 -47 -98 -280 -408 1 819 578 -899 -439 504 -582 49 -800 413 -101 820 272 -769 122 259 694 -685 30 501 903 -170 -242 -144 396 -843 -687 -708 -42 -27 243 239 119 -797 
-602 -116 -444 -177 -415 -490 -155 436 -156 -48 902 -508 -714 735 -41 -605 -338 82 -487 -933 -618 939 -964 711 858 -425 187 3 917 -920 -769 -877 766 544 586 588 830 -56 319 -38 164 -521 900 486 207 -802 252 660 -297 -974 -193 183 -275 -540 -195 692 966 -331 894 678 59 296 -789 992 -797 183 722 -99 154 -144 28 
-132 722 669 -814 -409 -701 528 -780 722 22 -640 130 -927 709 -160 -243 -70 760 -259 -879 -460 755 -310 -49 -264 365 -991 22 181 -5 -886 638 -193 650 471 -696 -343 -900 -605 -929 753 -755 -621 -731 -255 -967 533 776 -545 450 -775 661 -640 -944 697 -520 -65 289 64 919 -896 -888 -648 -202 -805 674 -142 510 512 -315 911 
309 941 -913 -387 564 218 -10 -746 906 170 399 176 -794 -794 -355 735 -808 -85 -861 -888 421 -106 -890 -338 234 -124 -177 889 -185 -721 804 -5 -173 156 301 -689 -343 -38 -581 -289 -946 -410 -859 -78 409 222 239 -798 901 435 -495 381 53 266 414 182 -386 -323 -316 378 -495 -614 -637 163 999 949 -357 -651 -766 -405 -159 
126 271 92 139 117 -149 -132 -102 195 -603 612 -740 -980 790 -372 -475 768 -97 -535 -928 -628 -576 213 111 -481 458 -556 457 488 933 -773 659 18 119 361 -512 712 647 -652 608 46 382 728 -234 -215 -15 242 911 708 845 -706 -46 -598 808 531 -551 745 -435 -912 -82 -540 645 861 424 -842 -840 659 -259 353 796 620 
-280 611 -847 200 58 -151 867 -433 495 870 -254 -73 -827 817 -348 812 20 -829 -613 -658 -357 67 -773 978 525 -725 173 -397 -203 -820 367 694 -160 -626 763 -350 488 -953 -85 -755 432 -197 65 -975 425 -456 227 894 322 -432 583 -522 991 574 -314 -806 -4 757 -423 -939 248 407 -656 940 -801 -693 989 988 954 331 -330 
263 379 -731 425 873 412 31 -254 -899 789 -394 180 -887 179 -600 370 -606 453 -91 722 300 142 -523 746 792 -217 351 -301 -470 -299 -279 -490 -739 324 237 784 -690 732 -86 751 -481 486 928 -987 -333 -30 -292 184 -860 567 692 -237 -266 117 -186 448 974 -790 -805 570 707 684 235 -148 -502 683 -612 371 117 -214 -239 
202 64 823 623 -336 -58 902 -845 258 780 -870 573 811 -552 742 -578 142 201 62 233 811 417 -941 -246 -53 -490 395 271 -94 646 177 168 464 -593 360 622 -917 710 -864 -568 924 708 81 785 -381 -218 -620 -449 314 97 -277 -209 604 -883 10 -9 -786 -245 -349 -198 -842 -904 -893 804 -585 346 -613 992 -874 113 162 
697 -676 -759 254 27 948 935 464 -514 -635 -421 575 580 885 -889 -990 -554 411 -583 -522 -578 108 882 -896 -579 301 94 -863 163 -656 198 -137 35 -537 577 -959 847 -432 -456 113 -327 -266 87 537 -550 -483 -651 228 399 -650 867 500 -75 -450 -413 -867 -914 -106 881 553 -88 -305 -537 -284 -913 -583 204 -393 909 -667 574 
-899 464 323 318 475 929 -561 -462 -113 -562 -476 237 -731 928 -605 -735 -46 71 966 -734 263 170 889 64 -873 63 362 -281 105 384 33 -195 -197 -106 -919 -77 315 -269 -558 -780 -151 -742 613 572 6 916 -81 -433 516 -345 -914 -649 -451 -538 -374 14 -265 -459 -693 -648 607 -298 -871 -868 329 -289 -171 326 -188 85 979 
614 799 484 -93 743 803 -72 928 492 727 61 387 822 522 747 348 -815 -912 559 964 -949 -533 927 -178 -853 423 265 918 365 -301 93 6 -249 723 153 167 108 -756 728 322 214 950 839 -812 -208 301 128 70 -585 625 863 104 923 -387 -653 449 567 936 -929 153 187 -405 293 759 60 563 325 69 966 -25 347 
435 169 -28 251 -855 -472 -200 916 -648 87 -745 578 60 -922 766 -60 -791 855 602 -308 406 -579 -810 -846 303 205 981 -281 -664 730 -722 488 -952 -876 -649 -644 -751 466 500 530 -181 941 544 449 -480 294 326 -331 734 827 120 -266 13 -925 260 -142 -73 342 -752 52 -795 262 149 823 267 699 -680 540 -902 -698 -673 
194 -705 -877 -406 -838 -388 -728 -165 -777 -793 722 504 926 774 956 -683 906 -527 -919 576 969 -846 882 486 586 -482 690 -197 -504 -874 193 102 810 631 -344 733 -358 653 -127 -585 -769 -80 -785 647 -742 554 311 678 807 -119 -766 5 -705 141 -149 83 -122 -730 -99 695 -733 265 -180 -368 421 113 1 -146 -698 688 -617 
-708 -970 -632 -168 -727 -254 -560 -774 821 -602 -98 -975 872 -542 801 910 -265 927 -936 -116 854 -600 274 -899 130 -207 -605 -451 -911 -483 667 -602 727 382 128 322 833 678 -508 -462 121 -212 979 -239 796 -823 600 -219 -33 81 -343 -367 -232 306 -823 363 -433 131 90 -119 2 -177 50 625 -339 877 280 684 -645 -128 998 
208 981 -110 460 786 190 891 -945 382 -538 214 -674 -71 654 -97 -830 -8 933 -135 271 767 706 -751 103 -233 137 -434 92 847 559 -376 982 360 730 121 522 65 551 312 538 292 -213 513 349 730 639 -567 696 -675 50 -796 807 -83 215 -258 -552 -165 691 -757 -70 -314 875 200 713 -861 -445 71 -631 0 -767 744 
-710 261 -535 -193 741 -635 517 805 -214 -137 -323 -549 -797 882 -867 742 41 -984 652 -725 148 -226 505 23 179 -208 -620 257 -453 128 -295 403 -231 -97 -362 -946 557 -34 -683 -59 -988 -417 481 -611 -674 -33 80 -732 125 -815 440 -663 546 439 192 795 710 112 250 -953 -525 -984 -757 745 -639 640 198 227 -838 -901 677 
-733 195 243 910 -801 -314 997 353 836 733 74 905 529 662 349 206 862 -467 386 849 868 -159 790 -611 -423 905 -39 -5 839 -728 -302 720 -287 343 -252 -599 880 433 885 -63 309 -424 -578 407 -86 644 -456 -528 -85 -255 -144 705 568 -613 418 451 -427 -815 -921 -919 186 -386 17 -522 360 472 772 -592 -379 979 669 
910 632 -640 931 491 -943 -653 -399 2 -869 -198 608 -201 94 -26 -37 -190 -863 478 144 -891 -246 290 -22 -57 -584 356 618 -210 -277 -212 -45 -229 -433 379 905 295 -289 287 -223 776 -179 -332 -903 752 -739 -185 -443 746 519 -410 -641 -698 -427 775 207 146 726 421 -710 -637 444 -503 667 851 -786 -658 745 713 887 709 
-43 -635 94 672 236 -755 5 -885 -642 -751 184 664 445 -824 939 722 -757 -588 974 -539 -502 -187 438 -944 -38 -64 -61 -30 -692 -590 -509 -908 839 -823 327 883 -611 -610 501 254 385 -642 982 299 804 560 -982 805 -305 598 274 -266 -982 -36 133 -468 -581 -81 783 799 931 -964 -770 630 831 932 -62 -991 55 344 743 
724 400 787 -13 -91 -144 219 -875 71 444 -183 -6 -446 -766 -260 -914 727 532 -22 -20 523 -522 -122 886 32 -109 -347 -709 687 -1 7 33 220 -645 -166 -229 956 -925 -894 -610 890 -709 -500 -498 -393 -87 -809 -540 365 -332 402 -184 -680 -792 -892 -534 -58 312 440 -325 64 718 637 -569 -817 -241 -404 952 219 -539 410 
-823 -862 908 -757 82 41 -15 -674 -669 872 506 207 888 667 -301 -709 -240 409 901 -914 -778 -780 684 -380 155 -608 -955 -86 -704 -454 -844 -365 769 898 668 -20 -865 -893 -234 -141 706 -641 466 -567 385 -607 80 -349 -492 736 -131 65 0 -253 -384 -217 -652 -864 -974 -140 -555 248 -730 -969 30 803 -546 -515 969 -946 688 
-320 937 -938 -25 -656 421 -562 435 801 671 -827 -970 -323 46 -740 163 29 -75 779 102 82 -20 -800 566 433 -839 493 -186 465 -980 -682 -36 211 238 -137 -635 -620 -728 306 622 635 321 -821 50 433 -702 -620 -4 -175 913 -4 -358 -544 -743 605 51 207 -867 -141 -402 -71 120 915 -651 -303 -7 -539 549 -508 -343 378 
-983 476 -277 -155 -261 827 456 -290 668 987 227 255 434 -263 256 -179 538 -590 373 248 807 395 570 761 -23 847 351 -595 -634 875 -82 769 450 -673 -63 -233 -361 972 -458 200 404 -306 -600 -585 -530 -903 803 291 934 667 -377 310 628 608 -353 794 -476 -725 -356 743 -840 166 761 -809 -499 -51 -112 -705 -469 -319 -338 
804 270 -357 -149 -859 849 -767 -664 -119 -602 -188 938 159 271 667 764 935 556 66 841 128 -287 -684 917 245 723 280 -739 -605 148 -276 -346 548 -208 177 -948 719 -121 238 507 -215 650 -639 945 -649 173 748 908 -245 -779 632 -67 922 -872 383 -971 -957 -186 -889 609 146 -186 383 -98 -725 -657 -53 86 131 -180 -544 
-861 848 -723 -71 510 -787 -985 -700 413 -52 319 889 -545 -513 -703 -239 -622 -574 -170 610 994 741 610 -960 325 946 -898 450 -299 558 -11 -784 686 -131 919 -119 423 170 -586 -907 -51 84 -740 838 305 -704 -562 143 821 553 596 304 -110 -982 -208 246 526 243 -752 814 -339 116 -127 386 -655 -428 -677 315 -857 186 541 
356 234 612 836 -725 608 872 989 -386 -290 246 797 846 341 -898 -576 641 996 -765 76 712 538 -285 93 -495 -359 -518 406 -118 719 -241 -558 534 -53 528 -881 -391 -405 -574 -633 630 -561 -499 -510 309 548 152 973 -872 503 -904 -684 539 60 846 169 90 822 144 712 936 -560 915 -494 -389 451 864 125 -105 -50 278 
-1000 -150 42 -148 339 336 736 -407 -98 -618 614 -777 -550 174 482 506 -251 -881 -666 -645 865 952 267 -251 -625 -520 -398 899 -699 384 -361 -86 341 751 835 -441 -790 -992 136 502 -864 -803 32 -673 62 373 584 -14 -964 -24 528 -413 -340 36 -912 -736 668 69 -222 -437 954 -88 -421 -852 477 -251 -295 -296 580 -49 -867 
747 754 189 696 493 -893 -978 64 -827 390 123 -995 -783 192 -877 -929 -944 921 287 -280 290 -753 163 -449 -723 201 -426 42 -537 -482 766 -788 -961 -750 -600 905 202 -193 848 773 492 989 991 570 -145 -594 304 -442 476 259 80 -366 298 220 -954 -97 668 477 6 -232 -25 -502 -977 763 -240 548 270 484 -827 -814 -775 
-93 -334 -792 127 229 -414 -544 177 -705 -988 -349 -771 262 -239 910 302 942 685 -666 -364 493 -960 960 -22 129 -162 734 194 116 776 -235 -515 641 -497 -285 290 -685 -500 763 -450 -141 220 -229 -909 -585 512 288 135 -698 -548 -57 -433 -473 -472 837 7 -675 611 419 -274 280 -394 225 -18 -863 -645 -645 -435 -795 -523 -695 
-409 -676 -176 1 -850 966 39 -913 230 999 -446 199 277 110 -598 283 -574 720 287 321 364 -364 -999 -318 7 -481 -995 60 236 -256 -831 317 -416 -407 -103 -871 -296 -762 -322 227 468 -295 735 -59 -738 -183 599 84 -211 224 302 -659 -447 -936 301 -90 -167 36 -743 -142 -256 -671 466 302 -28 -726 18 -597 -944 -541 -365 
958 -37 866 985 -552 -378 302 168 -24 -392 -468 436 -197 -994 -734 -480 -557 603 -71 -233 739 727 -227 509 265 -738 800 -862 -517 168 394 -967 -223 -151 523 274 180 -145 689 -977 -867 537 -978 -628 62 -823 854 528 -510 -727 -634 -46 175 129 736 -107 -905 -950 -377 -430 616 -996 302 -578 -887 208 -523 860 211 643 -894 
-877 -509 -350 358 -678 -120 -395 673 281 -323 361 -266 814 793 712 531 496 426 -547 -912 -105 133 352 -176 956 115 463 -703 -647 429 -960 -520 -544 -167 -599 -830 -292 80 -814 750 721 520 -476 -710 600 -425 -886 -318 642 -841 -888 -469 545 286 -411 -919 -874 834 -498 379 888 -9 -52 413 -445 145 -130 391 845 -581 -664 
998 898 384 -404 261 321 -919 791 387 -639 128 411 264 28 -394 -370 296 339 -851 829 -603 519 491 -959 -490 123 -949 677 -507 -362 -524 -723 498 440 408 -289 -587 -860 914 764 176 356 -718 -71 -397 -36 265 101 -179 481 793 785 31 -927 -44 564 -798 -998 553 725 -261 -419 144 -401 270 55 -93 726 242 -460 269 
734 -884 -254 584 -433 -388 787 450 444 -383 759 -370 -599 879 -354 586 -345 -961 553 -629 -131 62 235 -66 -141 486 734 3 164 -858 -388 936 -725 -76 -477 -907 -887 105 311 -475 251 699 503 -865 741 -858 -601 936 556 -153 -415 338 -291 646 775 -487 -769 444 734 356 397 956 -266 447 481 -544 957 505 59 -863 773 
-587 72 -448 821 29 -770 685 478 150 -285 551 277 849 -71 411 33 609 -436 755 13 52 839 -673 678 108 459 518 899 187 400 968 -553 64 231 215 331 -905 248 858 434 701 424 121 -761 756 -782 626 -19 -185 -308 796 823 817 624 -420 -427 -271 -249 378 722 408 -319 -343 -961 323 -352 413 475 -988 629 912 
-959 -154 407 -504 719 565 -756 -980 279 736 728 -563 972 553 611 -283 -43 -822 364 -50 250 932 901 115 573 -99 892 160 298 237 -266 -100 314 -875 389 -984 466 -887 527 -985 512 -426 -451 758 300 85 -94 838 195 282 -246 208 -665 996 -579 346 -780 879 391 -44 -915 429 -863 -482 -453 -392 -200 534 -701 879 876 
462 -321 216 904 118 -100 199 755 -368 -380 -535 507 178 181 73 -583 324 683 85 -237 -757 323 -626 -217 -757 -614 511 -157 -841 191 -637 868 748 13 424 -93 933 -555 -120 484 -722 424 394 236 280 -411 -824 803 236 544 629 -570 -102 761 -412 945 77 -342 116 309 -803 -913 -744 29 948 946 908 -943 439 -559 587 
576 -71 -955 600 499 100 526 431 -576 223 64 364 -771 691 506 -95 -43 520 489 -826 495 -47 -640 -749 722 -372 695 994 930 -157 -5 589 -531 -457 668 -499 40 936 -440 -80 823 420 10 94 -270 -142 -499 -616 41 -989 412 -645 -886 220 -110 -866 -834 -755 367 -133 -327 -454 356 320 -849 42 297 522 -41 761 -907 
391 -720 30 -878 114 77 -600 -244 -124 -165 -936 43 764 865 -364 298 -708 924 -268 -746 686 -578 998 534 475 -57 -771 -321 -381 -578 -627 -683 -279 157 -997 -305 -65 -564 -18 432 -399 -404 -137 452 -181 -716 -945 815 163 150 506 680 18 -596 -688 113 -403 214 -651 233 -625 -985 7 453 -762 -825 0 -31 -313 -559 41 
362 954 203 -362 298 -653 -592 -449 895 -181 114 509 536 -123 56 416 190 864 565 -366 -126 -369 549 770 692 982 -353 583 778 -657 133 -122 285 -490 572 -922 -346 810 -172 548 -629 -970 -541 155 -481 -101 -697 400 28 -104 -497 -130 -724 304 -967 732 -874 -598 296 641 -275 -937 -518 -270 -645 141 -633 -347 -645 -450 177 
-541 550 300 -868 536 407 907 -768 -391 -285 -688 -654 -11 -449 18 -578 876 415 -714 14 802 -877 953 -4 995 -682 -591 794 994 -832 -712 42 -553 714 -768 197 -65 316 -454 -35 189 378 338 -808 -521 378 -415 -791 88 638 -919 -249 310 -827 520 711 912 -806 -941 959 -791 -496 281 629 -820 -945 175 802 505 -389 391 
994 433 -688 500 600 -631 -917 -862 237 346 290 334 -883 -922 -848 -709 -606 777 -650 577 486 186 323 419 7 128 272 -613 749 187 -963 -397 -906 -778 -178 3 -359 -44 -886 -54 513 -651 774 -379 905 -78 -960 230 -600 849 344 -204 305 -718 -9 -517 194 197 -938 -540 628 667 -686 -468 543 -149 -700 -288 -780 204 732 
-86 -997 -393 -453 -599 738 -108 -752 -186 200 478 -344 -659 305 -462 -954 -715 -937 -305 78 251 546 617 720 -711 -183 56 -669 286 409 45 -941 600 -620 -785 301 -126 -430 -60 -529 -139 -619 -148 359 65 -427 901 40 837 831 -611 -96 -983 989 816 -554 432 -156 -724 332 -356 629 -438 26 538 626 -738 -997 -926 154 -367 
247 919 279 -502 -651 -388 81 637 -975 795 727 -599 -784 -340 553 505 -211 -180 5 -605 -585 -162 577 370 551 -152 760 712 -135 -738 425 224 75 -218 698 -239 -913 -279 -828 91 -318 -805 -972 554 653 -706 -172 250 821 -547 268 -507 284 65 -671 716 252 500 -131 -732 599 810 -392 582 -476 187 653 613 -809 587 860 
700 556 -611 267 -794 -150 759 -274 -549 -595 64 277 -61 610 -744 100 679 -154 148 -623 -278 -149 622 -873 570 572 788 -499 252 245 -856 750 -706 -851 -329 -692 825 -443 19 -116 42 523 752 -875 -504 -302 121 943 -26 -587 874 -523 701 -534 -695 891 -565 -317 439 -296 396 330 639 -661 871 683 -201 -559 -21 -936 -452 
756 42 323 -437 -382 208 -516 -347 638 584 -810 127 -640 -824 -702 255 -942 -633 -144 -97 236 -47 583 -765 201 491 853 620 -937 -504 -732 -856 -119 704 -724 993 -29 -749 -694 690 228 -916 -638 -159 716 -123 -173 433 -890 -524 -922 -343 331 -425 885 474 501 867 143 46 882 -71 847 343 256 652 -302 -312 -963 -295 469 
-576 985 -982 -838 -485 167 -963 -780 117 -429 -182 795 -998 -820 843 963 650 -635 399 -626 -85 675 121 34 -828 537 -547 109 213 -933 666 -183 197 382 805 -17 127 715 979 -170 489 540 562 464 -60 -26 -134 -443 120 -477 551 823 462 -517 -473 -86 -518 162 -780 650 -236 317 993 -164 311 -318 651 385 247 -45 -448 
-328 -495 -568 -849 448 -940 313 932 -42 690 68 961 163 439 -847 698 -885 -605 -245 -518 -402 -435 -47 -167 242 -718 212 -151 741 -488 287 -160 -346 -217 907 219 227 -860 -815 -796 622 -83 -639 322 632 668 -644 793 542 -153 699 -137 -609 998 -381 539 958 322 -921 -644 -694 -852 -884 -661 -245 -926 328 519 128 860 -561 
-843 -557 275 279 -979 870 -208 754 -801 216 290 -684 60 -114 378 185 -357 217 110 405 -458 -852 -338 899 504 -54 -338 -874 630 59 783 -474 3 -99 -467 -357 787 -892 -368 612 246 925 459 867 -811 -511 -762 -757 -745 739 911 -577 264 434 828 -316 274 660 -183 544 -656 -430 -755 851 -795 -855 593 -977 -265 94 684 
-319 505 -402 169 808 -281 627 -612 316 667 337 -68 708 5 -715 -195 837 226 53 228 706 758 -965 620 -614 -724 -141 -383 299 -98 663 -394 581 462 788 769 475 -98 -993 663 -882 219 453 -587 500 234 725 -56 -412 -237 -906 -907 -631 297 2 239 -205 -503 -252 -339 942 379 10 -677 573 -345 684 22 890 705 656 
-513 144 123 -270 878 595 -690 186 971 -75 -752 85 -676 985 19 -458 -898 -145 85 724 605 64 917 986 -988 501 -177 -555 -126 946 805 -474 264 -809 923 383 966 391 554 207 612 -953 637 -538 -405 316 22 -489 -513 -902 -787 0 503 230 -356 556 -813 796 934 808 225 -447 63 49 575 -71 -955 -74 -497 224 -32 
-214 822 -164 -236 -610 -152 207 -212 907 329 343 41 542 -909 -228 28 364 178 224 536 -840 -773 819 579 613 629 -735 -507 373 -423 -121 -149 269 -101 390 636 406 -349 -967 644 -787 -953 658 -288 109 -341 235 -291 154 -731 707 575 655 151 -204 -402 -2 827 -998 960 343 -741 -710 -836 -305 495 -169 417 457 828 226 
-130 -432 434 -120 486 670 750 581 307 -812 -534 -868 422 -45 564 375 -201 433 -921 -673 496 -383 -303 -570 522 -986 237 -273 838 -53 -581 758 -23 -577 -638 -529 -435 816 17 -904 -4 85 187 -646 -486 686 7 -586 183 -703 937 301 -19 802 963 393 -940 964 191 545 -649 844 73 -982 690 -235 -931 -518 -454 310 -526 
-765 -712 420 110 538 -882 528 -339 380 918 274 -739 225 679 -221 -267 -310 -675 350 -95 -170 -836 818 496 518 117 -831 867 945 -767 -439 -63 657 -202 57 -638 35 56 -500 716 555 -426 277 297 -604 769 -542 -994 891 165 896 14 -437 7 258 -784 692 -378 -90 -762 446 766 160 629 956 -236 217 -116 -708 309 809 
248 474 -192 -471 975 681 -452 770 803 -311 -565 -64 251 -564 -312 -800 -858 -623 -702 -515 -310 401 470 -401 788 -155 -638 522 -840 -355 259 552 540 -585 -804 630 -846 -212 -292 288 -511 -117 860 904 319 428 -352 -992 576 -455 -157 -361 -888 -180 984 261 50 513 62 458 152 -109 485 783 -777 -533 -282 827 -209 -516 -908 
800 34 -120 983 496 -649 -6 242 660 363 415 202 -513 226 -729 -616 358 -406 -456 -266 -929 799 249 -410 -766 532 34 433 -743 715 754 -869 969 894 -658 -788 -861 -561 723 -76 447 -725 -572 -14 -368 821 508 668 -271 49 770 23 559 -338 -576 -503 348 -922 693 813 -602 -762 -920 -944 -559 992 89 710 675 -860 -143 
-546 697 -848 -734 348 27 -675 546 81 892 979 982 869 -14 -332 81 -438 145 -106 158 462 -697 374 534 -867 -497 -188 -6 192 627 992 722 899 -381 125 -990 676 463 -254 -587 -929 651 -768 92 -482 -666 -580 864 -854 -726 343 -815 -605 738 -848 458 450 197 119 841 -163 -590 124 -276 356 -911 -556 150 77 -37 788 
950 207 -572 705 -790 -400 -581 846 -617 -855 876 -306 -306 815 -317 -308 -817 -899 -653 -902 864 -733 1 917 451 -762 -384 -50 856 -625 692 -50 494 946 -893 -194 550 -53 -347 352 -755 -385 349 -635 612 396 -384 837 244 -403 648 -316 -150 -736 860 899 -546 672 160 -382 606 782 108 214 -836 -236 -642 -40 -559 -575 -10 
-337 251 823 781 645 784 -413 -426 208 -255 -18 444 300 95 -293 -912 -744 -740 767 969 -962 -349 -617 -1000 -9 -776 -50 -656 886 728 -62 14 283 -971 270 675 -24 -9 803 166 -144 -836 -434 905 -532 -857 -583 552 -413 -639 58 898 -377 -929 -318 317 -58 610 199 897 60 614 637 240 -184 885 -945 515 -698 225 327 
333 777 -284 -328 -166 460 -677 904 437 172 -831 848 212 29 -286 -104 -28 -91 236 -480 918 -226 866 -339 733 -376 -748 395 -929 317 30 2 -917 -783 -285 199 413 453 -507 -241 -360 -391 748 -357 563 499 -892 525 263 -832 -412 739 -899 -227 -457 379 -931 -723 752 -22 -399 -125 645 -857 -40 -810 562 51 -857 -930 -640 
-458 840 -132 862 -131 -567 -995 381 980 963 -621 -216 -446 -208 596 746 -488 -843 -383 -117 63 -436 -303 -170 -788 -208 -181 420 200 -428 -58 451 -856 312 583 -769 -406 -341 -616 -915 582 797 -809 89 753 776 -448 846 972 397 -758 -266 -825 -633 -633 -423 993 52 -210 998 920 -40 -244 197 -240 642 481 -512 -506 772 -112 
-486 231 467 -566 -562 -963 104 466 -962 -197 994 657 118 219 -1 -54 800 904 247 -852 -799 787 -817 -161 -603 295 220 767 -176 -479 -223 345 965 0 178 346 -48 -619 255 750 358 550 926 460 -497 968 24 72 -177 106 -638 -192 -43 437 -203 801 398 916 -909 -287 332 -383 824 454 310 -491 44 852 567 -928 -843 
766 -321 143 981 -205 -866 -722 -385 -384 -379 -570 476 -517 -715 152 951 -344 222 -469 -70 -218 -1 869 -467 -28 413 252 16 -712 395 682 790 311 -950 540 606 -63 355 -143 -828 -459 922 -535 -158 -60 -229 -629 -478 -946 285 572 -407 -742 157 215 -116 -931 -561 -973 -527 62 -840 831 -576 359 439 -659 34 308 555 -70 
-892 -665 387 784 -539 305 456 785 308 717 156 -107 -516 -668 -550 -800 251 711 -729 972 759 77 -705 -662 -609 -345 -111 -89 447 -459 778 -310 -627 -983 817 -115 -403 -5 326 51 -651 97 -241 -366 991 175 28 9 -451 -545 -323 972 -842 205 -270 559 -329 -227 701 -925 256 -898 967 -329 -173 -898 -781 -632 949 320 -157 
-596 -169 -113 149 -526 398 -117 -614 404 606 -922 124 85 -61 400 161 -667 -931 -889 288 26 -161 583 215 -519 -872 -790 -101 910 721 738 -976 -784 63 -59 251 -931 -117 795 -760 738 550 647 -846 -216 391 -402 588 829 -140 462 119 356 933 480 198 -838 -809 902 -442 -29 231 -431 422 189 -711 203 -159 174 855 824 
735 859 31 812 -608 -12 -679 -571 490 -877 25 991 411 -105 -461 -40 867 846 614 -246 507 666 -525 538 -530 224 -39 -223 17 -303 -61 -494 -111 -601 -440 -142 599 754 -804 303 -303 363 -731 -291 399 766 485 -133 738 323 469 201 -487 796 -313 -95 301 -319 -893 986 -880 -568 641 230 -354 -990 -831 755 423 -875 172 
386 -100 -138 690 -443 363 -115 239 12 384 711 107 741 -399 -329 -603 823 -425 749 222 832 -525 617 485 -163 309 728 440 -559 -424 -764 -350 993 -313 -435 452 462 -647 -507 -333 -396 408 -134 -805 725 -868 87 898 -571 476 766 -563 922 -287 985 -139 -351 -628 -860 375 864 75 652 108 0 610 501 -916 -529 19 -25 
725 -641 564 758 -896 325 383 800 -781 162 -68 -256 -477 -654 -545 970 446 465 -624 228 768 -620 -818 504 -547 598 -998 96 -702 612 223 514 -532 721 400 774 802 252 142 -766 -416 -290 465 909 617 -721 -627 209 266 -905 -444 539 -371 785 174 -928 -783 -855 958 428 960 156 74 424 -826 -146 -823 100 -828 -324 -656 
-155 816 -59 -343 -701 -234 -399 -829 -694 767 -281 471 -296 841 -347 864 -707 -828 70 -62 506 666 485 652 961 33 -272 448 644 -478 642 37 -540 -787 208 -710 -138 -177 -794 847 783 605 -418 572 -63 594 -693 -252 657 569 157 687 -452 -621 670 -190 997 -383 -442 844 199 145 315 387 -685 45 -471 831 931 -453 212 
-93 581 46 -797 -344 -521 414 -561 -735 733 794 295 202 -261 -656 118 -168 -786 89 -259 846 37 136 -983 -576 559 849 -427 104 -951 -65 229 23 -262 2 -576 984 -677 -872 -645 289 -613 -641 -255 216 -663 -652 770 -787 500 868 120 -426 -491 278 -473 -252 -750 -116 -901 969 -338 -150 904 224 -934 573 -616 -175 968 -263 
939 548 33 356 -407 -980 -630 -29 -404 -606 -523 991 125 716 778 242 -714 334 740 -891 732 924 477 -985 979 471 -624 866 -798 -734 499 -634 791 999 -709 240 17 403 -277 624 430 -209 16 311 -766 998 -285 257 336 -200 715 -731 510 -890 951 -501 -329 28 410 92 360 -24 -21 -129 491 200 650 -37 697 243 -505 
430 -480 64 420 -279 -738 679 -847 -714 -212 -437 780 -936 324 744 699 -11 -725 -648 75 805 380 943 46 -612 667 -838 -621 278 -892 -350 -443 -196 431 986 78 534 -788 -281 -293 -498 -110 141 -360 633 452 -174 -817 -559 -459 90 994 -675 490 -781 -440 -544 539 754 -845 -599 -579 256 830 -791 661 246 247 -410 271 483 
586 -545 -528 -857 -279 -371 -914 -952 -353 919 609 866 858 -538 624 230 522 558 -965 -846 -646 -392 -150 -283 945 -332 458 -742 233 -122 825 -135 30 -448 928 -233 -919 -492 580 -75 -484 -134 71 362 865 14 41 544 -62 -281 864 -793 -727 447 716 658 725 795 -740 -256 152 549 -356 84 -749 212 -194 -400 899 30 -982 
-292 826 29 -792 593 -327 -753 -535 228 -659 -40 934 292 -209 442 836 -747 178 -512 883 -370 444 -271 -562 266 431 -711 610 -534 968 286 836 79 592 -974 833 605 -222 -367 154 824 203 95 -821 -100 545 382 507 -130 420 -911 601 921 -844 940 -877 587 923 -96 8 -162 241 -895 -747 -380 931 -998 -173 754 -355 877 
654 946 127 -646 39 -34 66 -325 694 -819 646 431 -331 237 -504 -633 -253 -235 507 660 -410 -940 41 -430 -642 50 473 -335 -249 -737 -340 5 211 756 -888 747 897 -436 910 -944 799 797 940 462 497 686 -23 -945 624 -17 601 265 105 -504 644 -460 -309 707 777 -239 252 277 -687 -290 -197 -46 292 -327 -683 -90 -486 
514 -97 669 -235 -513 -74 -572 -662 -770 -647 -731 911 -370 -550 -236 660 -961 787 -768 -303 694 -64 437 542 246 606 -883 -34 760 -467 -978 846 -112 -6 866 239 218 403 724 56 929 25 -771 105 -400 275 368 709 -955 -674 -252 604 369 427 767 -594 -319 582 -480 902 -721 647 -534 374 -930 186 -726 -82 -203 -717 410 
-192 -326 -965 251 -214 -353 -658 677 -504 738 387 -936 -972 749 871 866 -368 155 -428 -964 803 177 429 -971 -415 31 -924 -851 103 8 -799 282 395 -145 -255 -708 880 -733 -686 -405 425 250 -969 544 -658 540 973 709 822 124 761 246 622 660 -205 873 -871 -802 -145 -437 223 -376 587 956 570 411 -433 27 -535 -932 412 
847 740 -92 856 -722 966 -97 488 537 -740 -478 -332 774 -511 -371 -468 542 54 584 -516 670 -943 -945 -158 -814 -759 -275 -624 873 -581 544 276 -421 -643 -687 696 -225 580 -29 276 -191 -847 -466 -421 -774 -761 -344 814 -432 -485 449 695 -531 -205 712 -260 412 881 798 -886 860 -957 653 -552 44 809 -656 520 -829 -417 -788 
642 -669 39 5 -814 -337 857 -753 181 526 844 -589 961 -555 -735 853 -677 756 625 -745 327 -136 -727 369 -355 400 512 -780 -79 -53 -780 273 -136 -436 -813 891 224 750 867 185 -218 283 -562 558 -958 -471 30 -545 123 -159 696 490 475 -583 -685 64 -721 879 424 732 -306 -64 -488 -802 780 -70 -749 341 951 622 194 
-60 -717 -405 -534 -535 -123 -552 -838 552 254 -143 -887 -291 276 26 950 865 -265 -721 516 -375 485 437 216 -752 -998 -569 566 252 -493 308 54 -610 318 -445 227 493 105 -491 36 -716 -718 875 904 961 -108 -349 973 3 942 -89 461 -744 409 -162 -197 -511 994 -56 839 173 -587 561 -426 -387 -658 -677 -575 514 790 115 
965 571 337 270 -68 -60 327 -690 667 959 -780 -715 -87 -88 -368 13 -874 -238 88 971 964 138 -975 21 114 -608 -289 -567 -827 -122 636 621 201 -260 -3 -722 -436 689 -331 -265 271 -412 -986 -102 482 471 604 241 197 95 179 -233 -186 433 -947 -807 -391 70 11 -464 150 -449 -768 -937 -767 916 -320 221 538 -874 702 
920 -234 -9 -825 492 91 -973 -157 -599 201 -791 -990 -139 -756 -795 490 -746 -335 -125 -81 -45 -133 -597 -872 500 -704 -525 99 -49 776 -67 306 -947 59 856 707 -224 -609 42 -61 -176 -183 85 -916 306 33 -953 781 -442 -487 235 -767 -316 884 -238 -569 -982 -106 -360 998 687 -599 -931 -155 -134 923 305 -196 -450 739 -425 
-340 -221 747 -398 543 83 -555 -512 -966 -529 906 -797 -445 416 -700 -601 -4 612 -763 930 545 -658 -724 926 -668 622 -113 -315 338 -343 142 549 -174 604 -575 442 440 939 -59 426 555 181 454 761 -585 911 459 310 -322 898 329 819 59 409 -86 606 427 456 -969 -478 506 882 -410 -418 -219 -745 -180 523 639 -828 -346 
926 950 436 -633 463 -172 -219 -478 -500 -851 -952 -156 -257 424 287 -249 -556 -657 595 284 389 750 998 363 -180 996 566 326 300 891 -10 945 413 573 94 440 -464 600 -682 246 -131 -856 -74 -882 982 640 628 -382 -170 547 977 -256 -759 -491 -281 -737 -943 -429 -598 26 755 -342 899 788 -518 47 682 693 71 471 -512 
-718 576 -900 -544 -816 -48 -493 766 296 945 -778 -722 488 -347 -413 633 983 -825 -467 87 311 563 -435 603 786 -945 -595 -516 221 386 -552 537 -941 308 829 -411 915 -326 -647 614 128 -349 827 575 791 -274 -382 -761 720 486 -917 962 752 -404 632 -221 37 -666 629 709 392 -658 182 -172 320 -773 16 925 -962 -25 -178 
567 470 -293 -1 445 -274 -675 -35 534 -326 26 179 625 -418 605 599 937 -400 -694 -336 591 -66 -288 -988 866 283 -955 -239 460 -788 686 689 -702 -246 40 -231 61 526 -95 -583 -848 365 -645 -363 -504 407 -742 -11 -621 -479 533 -815 553 171 725 684 -920 61 131 -337 363 -138 -353 -715 793 356 987 -367 -681 514 509 
140 -767 -771 -275 140 -655 -622 554 940 162 -740 -8 -71 -882 -311 -417 186 284 -653 136 -719 663 10 -949 -324 761 746 408 433 -572 932 -299 278 998 -232 -90 260 -855 -983 -287 977 -783 362 -288 251 -136 599 743 -892 -692 -347 -134 -7 647 790 199 591 -156 82 56 12 -682 -757 852 -832 896 642 942 -600 143 -593 
-763 280 -362 607 633 -591 174 -475 752 163 -746 -953 -260 723 463 713 -278 292 -854 -628 950 344 461 -582 629 907 -74 326 418 -16 932 -130 -423 -355 145 -125 731 513 863 -308 -829 431 474 269 -931 122 695 -908 799 -904 799 729 -117 -658 996 326 285 -963 -245 -655 -920 318 228 -944 834 -604 -712 -217 95 873 493 
-494 112 -104 -787 470 -123 940 -14 -169 369 152 -782 636 399 -709 441 -525 820 306 576 66 -275 -795 -742 -442 -967 399 647 -322 -76 552 166 -573 362 639 -18 -568 -82 680 936 -501 -601 -721 750 651 -411 493 -359 558 -840 -569 -702 624 -358 296 -285 171 314 541 477 -905 648 -799 932 -213 -717 244 -779 -74 -863 -68 
330 734 -962 887 229 770 399 647 -510 64 688 695 -231 635 617 -367 520 538 233 -937 -515 -130 -353 897 -844 -697 826 15 -884 -409 673 958 -971 470 365 797 -462 -992 162 621 -848 389 -832 780 -216 724 -270 137 -701 -712 788 -569 108 956 796 -475 -613 513 -42 965 -442 980 836 958 915 -627 798 -436 947 -161 -773 
-797 664 7 970 -64 299 -229 846 126 160 282 845 34 -795 437 -755 -235 -90 -266 -352 73 270 833 -462 234 -877 212 949 -786 106 206 -571 515 433 384 642 6 316 799 -205 600 433 272 941 -5 127 210 431 -893 -240 470 734 161 325 -819 630 420 -108 913 183 413 316 -921 -600 448 -228 -792 -613 -338 -576 -944 
544 -344 -392 494 -463 163 165 31 -395 -323 337 -876 854 -419 511 497 -513 108 839 -344 -488 -581 986 -384 -291 -243 -268 264 854 993 174 -678 -475 -152 -736 -849 156 720 506 -246 841 -224 288 787 -979 -369 -926 -904 -544 831 -371 932 -162 480 -979 744 718 169 -131 546 308 47 -551 565 -974 -4 -516 -121 -613 -754 405 
-828 770 765 626 198 -49 -909 -917 -235 -436 -535 -228 282 -285 357 -481 -355 873 739 -122 -877 -609 -208 969 -789 -965 -789 228 754 963 438 293 336 842 -698 -240 -123 -990 -531 -219 336 891 555 338 407 429 669 700 -553 -987 691 -138 365 -803 -786 937 11 -901 -163 485 612 55 433 22 -868 -859 150 -19 633 950 -590 
783 215 168 38 494 -594 423 -568 549 78 388 528 -817 -522 588 31 -198 -219 805 -244 693 -940 66 245 74 541 -631 290 -872 -344 -106 -777 -307 672 -382 194 -156 -524 497 -909 -274 -973 -547 -535 529 -446 961 -410 -459 751 -97 320 82 -137 -637 -797 597 642 -205 491 819 741 -842 -725 601 -721 -572 -478 385 274 -517 
-754 123 593 529 109 -153 262 51 -428 906 895 124 264 -830 -276 182 -423 383 -303 7 -656 -641 149 0 -816 -97 894 -589 214 792 491 782 401 996 448 131 222 565 -42 137 570 -88 -926 -601 -877 -32 -313 -320 -593 -934 -650 -681 869 794 -595 -881 600 -880 -759 744 407 -239 853 -832 -662 -459 -169 605 -177 395 -253 
-811 -148 -158 -585 658 -301 812 249 266 -378 -35 -2 458 645 -383 679 -511 270 588 -757 550 438 -844 -938 32 448 -398 -773 449 -863 167 -941 172 396 -83 -675 786 -776 253 563 542 -955 442 -830 20 205 -652 -32 436 739 -773 252 -370 -490 401 -211 461 339 473 -742 671 -276 100 799 -364 -85 760 -933 -195 -564 -854 
170 -99 -328 -177 -679 1 410 710 758 798 904 -976 -644 -614 -539 -77 -59 73 -513 351 -765 -433 -88 769 986 580 597 -122 -981 -909 4 -925 -327 89 155 -997 -207 714 109 759 -398 538 -69 -497 483 -775 -115 -260 940 -7 -221 139 -377 774 -458 463 -410 500 -333 -509 -342 894 -467 -643 435 -742 561 216 56 590 12 
-219 538 400 36 311 887 617 -262 274 -821 -115 28 -530 -668 371 869 -622 -702 -207 -867 -654 -939 -936 -516 646 -971 125 235 -162 288 -149 757 659 3 -396 667 -982 478 -825 313 -746 795 630 280 885 159 -286 591 -646 307 890 -128 -103 -816 651 -26 -398 332 -117 669 -580 329 60 980 -425 260 -492 395 -741 357 -377 
309 -853 423 -813 -441 252 -294 229 -870 -30 24 -917 -729 -95 728 -954 -309 -91 102 95 -466 574 573 -417 174 859 -951 -788 -636 71 -215 438 -748 65 748 171 -588 -368 -959 315 430 -754 475 650 494 313 244 -115 721 -995 143 -653 -228 54 -453 -454 132 -930 -933 684 162 601 687 -34 -904 -781 -246 -53 571 -390 -410 
988 36 -220 404 900 -775 -349 975 -483 -370 -254 -46 -180 -689 791 310 -617 887 642 -604 -828 600 777 -603 418 920 357 629 856 575 182 127 -605 -564 470 700 -194 -824 119 892 -170 86 890 -639 -504 -677 915 -454 915 242 -378 -715 -579 -838 -193 471 736 -779 -99 736 697 -334 235 -246 -653 72 -829 935 -602 -615 601 
154 615 161 409 -599 222 583 -742 506 -628 974 -353 -255 -2 227 408 -530 125 -895 -587 -161 496 796 860 179 517 -960 -407 164 822 -37 -525 41 -207 -444 642 -124 881 -356 -864 -993 294 830 501 -425 -484 942 -428 824 -800 713 291 735 -188 867 -903 585 742 -113 -730 732 -927 -744 -15 -136 244 -723 523 -176 -790 392 
30 -109 -433 810 -566 -447 -329 993 56 721 649 83 204 -192 71 841 598 -80 263 779 -989 485 -532 -18 192 -469 366 683 555 -884 -450 -23 -726 -504 218 -92 -411 -665 -881 360 -734 228 -408 617 -559 289 -597 373 -755 -130 103 -806 -812 -485 832 -49 388 -161 -343 -693 1 652 -669 -509 423 -247 -591 169 -198 667 -724 
-340 -970 -235 891 930 -556 193 -752 -353 -901 396 -238 857 197 -388 -710 296 -956 435 547 927 -330 -988 -563 68 -801 -805 -621 914 984 660 -646 -292 -301 -807 -434 -63 -150 -6 640 -868 958 -463 109 677 936 -485 386 213 198 640 607 -636 769 833 -333 24 508 539 278 -61 -54 -734 -114 123 -281 746 -393 -569 -542 -2 
-887 601 600 480 983 -5 -928 157 455 -218 -192 -748 -512 -694 745 663 41 434 262 941 -911 -999 92 412 -647 949 408 945 678 -310 442 -262 -953 -363 856 -288 -244 607 -586 -990 -589 689 -855 213 232 701 -798 380 -498 -760 -900 261 -19 744 539 832 -636 410 -718 -616 284 -44 -578 -756 -510 -524 684 -385 -250 39 175 
-194 -448 -100 992 560 -577 11 124 -110 -448 -226 28 -918 -921 -686 -487 -797 -248 -350 -820 -234 5 -412 -698 904 691 609 220 -524 -143 615 -827 404 340 902 -441 651 590 67 630 -670 408 716 689 -492 -142 -645 -682 836 -236 -707 538 827 -990 565 379 -114 723 306 -808 450 -773 669 -14 -851 -66 -42 -900 415 -65 236 
-518 -40 54 714 97 5 -662 -408 60 88 459 -58 -926 595 -554 -712 -202 -770 959 -211 188 -589 268 -613 943 -301 -895 410 -697 991 821 623 886 520 553 -559 -172 -302 -375 -405 320 -741 802 -384 -751 956 478 970 649 -608 -109 -367 857 60 -264 -464 494 -398 -858 74 484 843 550 -939 -682 -900 312 -312 -200 398 688 
984 -149 -593 563 872 334 276 -28 935 -642 632 755 -107 -426 921 663 -577 -504 641 -83 -670 668 -987 -518 11 -752 -389 611 -512 359 -880 -340 -867 799 -765 -958 597 -926 -531 -181 588 -574 699 -180 -926 -786 -209 -996 -52 -870 -679 674 -556 213 962 578 -156 425 -551 359 440 -272 340 669 943 -683 -745 -648 -14 -871 -899 
-628 -260 -894 -17 383 -204 -945 512 -370 210 -355 388 518 46 -111 120 903 -586 -568 104 591 476 -895 621 -722 -212 277 -681 -23 -116 -496 187 -325 889 -723 -528 109 -191 972 -402 -861 701 719 -642 147 747 -155 -118 -143 284 -166 363 900 530 -460 -377 925 94 -958 -162 -1 710 904 -979 590 -634 -384 787 -462 905 -161 
-683 -90 270 -394 695 261 -200 908 11 98 368 -313 -398 -538 -924 -938 849 98 -258 -888 578 -648 666 -47 872 -317 -103 910 455 619 804 457 580 -339 -576 -734 98 -766 779 -844 -376 -873 713 609 -505 37 43 947 -592 -124 694 -233 -307 841 221 241 711 85 -822 48 267 -250 -452 881 561 459 -23 -758 532 -914 624 
-881 -42 595 -10 -145 340 874 -411 -552 590 -742 -676 -62 888 -873 407 111 563 -743 677 804 493 -786 -435 924 321 -175 626 -180 -964 -778 -845 -501 567 -221 -519 -29 -7 569 -270 968 288 79 -148 -891 289 468 185 -961 -655 358 30 -511 -717 -395 -475 78 -464 -677 739 -151 -251 -444 -323 794 778 -935 940 736 -156 -689 
-456 -328 397 340 790 -172 96 450 -851 -853 390 -344 455 156 -57 -613 -637 -252 358 -841 -419 -819 -890 -817 228 550 -313 732 400 242 -893 6 -894 947 -511 -110 813 -97 -937 654 281 458 -210 -568 299 -835 111 -656 422 176 -748 -898 -283 -977 491 378 -96 749 -534 850 629 512 -470 480 635 999 -866 507 343 -611 210 
-689 56 -398 469 -17 -198 840 389 229 -477 428 -173 495 11 872 773 514 -319 -144 -717 -942 -908 -685 -253 485 -239 -821 -738 185 831 890 -903 738 225 -546 215 -299 -942 -5 -292 -114 606 930 746 -67 851 843 660 405 -926 3 -152 -937 -385 -407 -301 -555 605 -209 205 -249 -635 -158 917 655 -111 376 551 727 575 -464 
-764 -172 22 -528 -978 114 94 -959 219 377 420 -951 250 932 -775 -592 -612 720 -875 -765 -951 717 226 133 818 -17 -454 52 -353 528 -710 -667 975 522 -903 908 -712 -239 -394 937 756 731 232 790 274 -943 17 7 -965 -243 704 637 -93 -115 -179 -274 -850 330 -199 -262 -129 -226 -563 -61 -170 231 -849 -444 -916 -750 302 
-414 -440 533 856 -581 718 443 895 227 -741 -36 563 -873 -964 -932 849 -696 669 -921 435 546 130 973 697 -494 947 576 -817 408 -309 -165 958 785 -573 -71 -176 594 -33 950 -909 937 114 -24 159 -788 -651 -544 -659 995 -684 -656 -400 -970 85 327 884 -474 256 190 855 470 -409 376 622 -352 776 -916 946 408 195 -711 
-887 -612 303 -596 -346 -818 -923 141 661 -946 -508 -951 -685 -514 -182 813 802 639 206 -326 367 -182 -551 156 -991 -929 -2 279 364 -627 678 -967 -542 -167 110 902 432 -851 -89 358 550 -38 312 850 -588 -555 -744 298 -510 -476 335 222 141 -910 776 -635 -844 -497 -479 856 315 658 -15 791 -287 -735 859 -847 -691 790 -199 
322 745 509 -6 649 -496 -184 397 -934 116 625 85 -206 258 383 -568 363 744 187 33 -170 144 885 -59 -696 -385 -967 816 -468 -452 967 772 857 -642 995 -713 -425 71 -796 -817 652 -206 53 4 841 -211 770 -711 -14 74 863 252 -944 -392 -421 -493 -292 -430 992 -56 376 112 -827 -682 -857 -848 934 -78 -595 36 68 
59 -958 -903 -81 -820 -710 818 559 -374 687 558 -326 824 -724 -603 705 652 -464 975 -394 -412 479 -711 -972 -402 -772 -107 405 -302 536 918 -340 -917 418 618 615 584 503 -943 -429 -290 -601 -286 -471 154 595 79 -500 -801 197 -628 -224 404 -750 -5 -771 -129 -470 -797 -847 766 745 -241 725 703 468 -909 -867 -800 -314 525 
7 -730 98 60 86 491 641 -665 -537 504 -449 -393 -881 -134 -348 -732 41 282 -45 750 -241 -61 -97 -458 -528 -734 217 992 656 -333 -982 79 645 -852 352 -310 848 925 -266 -813 438 -21 668 -106 -805 -467 38 309 -76 -541 798 -880 965 -957 -707 -180 -550 -484 -520 811 -536 187 -420 -951 682 -49 657 -335 11 578 -229 
-266 -21 -180 -613 -622 777 814 785 249 343 291 678 174 -303 769 405 321 959 -583 -799 -7 705 721 -557 596 924 680 -53 827 -174 -416 -848 -582 -438 567 100 -78 539 -908 -565 -60 117 -323 16 815 -4 856 668 989 -32 743 501 -142 337 14 58 222 -485 -500 567 -758 331 -753 565 -986 861 -33 625 -283 809 -780 
482 932 -158 -1 494 407 38 -246 659 -847 964 299 -151 -577 -806 -474 -935 -765 -888 13 212 -374 -78 394 -279 654 759 57 669 -406 796 78 -59 191 949 -472 -550 528 384 -824 -409 -640 -808 -455 236 -938 259 672 -844 -504 508 -457 -615 -260 757 -43 -802 -901 -538 39 502 843 -514 -9 253 -343 -403 -8 252 327 -403 
-830 -198 662 -256 781 263 478 -604 699 -548 -460 -725 -13 -976 461 -87 -425 -915 -78 -36 -714 249 -613 950 -119 -266 -509 -639 631 -555 575 676 -92 525 134 -985 574 -144 -70 60 -936 432 690 -660 283 199 -329 612 -665 -633 -317 885 403 956 -289 585 869 -211 -433 -408 -194 214 -552 -492 -315 301 -208 -681 442 937 726 
491 -345 861 -189 -808 123 284 426 -433 -188 -391 990 -7 951 337 351 -128 -87 -764 806 -77 -849 -347 -217 57 -538 644 -761 119 99 267 970 975 -423 243 -264 -23 -239 207 57 -645 869 251 795 844 -705 718 912 357 -787 -434 711 191 -60 938 -188 356 106 193 458 891 4 -586 -695 -389 550 845 674 -969 -708 426 
-14 -905 -874 154 564 -182 876 762 630 -568 968 -554 -249 0 -792 -509 -491 611 486 663 -330 -348 687 966 122 -611 225 71 921 740 377 -721 24 604 787 -126 -485 463 -675 752 66 372 -41 -360 576 990 -121 -881 -135 -360 459 695 818 608 -783 145 -419 825 -296 -729 541 -82 -43 146 749 -659 -862 207 -635 -135 725 
-400 293 20 59 -477 831 868 -878 345 -168 -271 472 -263 -840 -490 -800 -902 -890 -596 828 -198 454 651 387 -577 -540 -120 -271 -688 -665 943 -456 -776 -67 71 356 569 489 192 -179 -973 -966 -379 76 -878 580 371 -417 272 -46 -795 -807 -519 -991 -423 -16 789 -100 -946 434 855 -869 -4 128 -246 929 -231 496 -320 -222 -894 
719 -497 278 101 -158 -138 553 -181 375 -576 172 -98 -863 -904 -124 542 216 166 -932 874 826 891 669 390 -705 -90 732 479 -307 121 306 503 25 552 -298 -431 -543 651 -88 656 -123 629 383 210 -114 -877 -201 340 608 -872 -721 -16 845 482 594 -902 831 -897 752 -113 -801 95 218 665 521 292 283 -300 357 304 232 
-812 866 422 628 92 752 240 -535 -472 46 975 -217 251 148 739 -476 65 -596 -491 447 808 830 853 -205 104 542 839 -886 235 -419 734 -642 -585 309 508 -42 259 -559 394 -881 56 -742 -901 -763 -3 303 -79 607 -558 739 -836 -213 -432 -587 634 -17 -550 -250 -99 -193 71 -94 -933 -968 -18 -639 235 664 -420 197 -756 
281 489 792 -699 -459 601 -226 -100 -150 668 622 241 -890 539 -213 -513 544 -436 -165 157 -95 83 227 103 139 931 670 412 -756 324 -174 -109 -837 -504 760 -857 -921 -611 -721 -693 822 -877 195 3 -174 -230 -607 464 -953 -861 -811 -601 693 -586 550 45 -164 -920 -462 668 675 753 -389 -824 -287 -937 329 -567 642 -519 -884 
-737 -519 -152 953 -851 -618 -488 594 864 -281 -647 -339 -126 213 -946 -580 321 707 18 129 276 944 959 -254 -600 463 384 676 184 473 993 694 169 353 565 34 579 617 -889 577 163 -677 -851 -87 -383 689 258 -741 652 -284 -483 223 -332 -339 -459 -141 -538 -900 -319 -71 -834 388 -163 -686 -592 -124 802 457 -465 162 -334 
430 32 47 281 -310 -791 -915 -261 -67 786 388 770 827 409 -241 924 966 -756 598 -81 -699 -653 555 -227 -800 919 279 921 931 -658 -887 13 48 713 -58 -432 -55 650 985 586 807 -236 271 -735 541 -468 -875 927 -399 90 -135 459 891 -110 -538 336 -32 -316 -647 -777 341 -963 -824 -760 -980 609 745 -160 -991 -252 -611 
457 881 -573 786 -332 226 511 -627 986 -890 -180 -963 -770 62 -169 -204 767 -205 -701 491 -954 -307 91 563 -345 -679 441 -178 378 72 315 754 -323 -466 -750 368 210 712 -694 639 224 929 -185 920 434 49 -952 -578 14 148 671 977 -192 -192 465 449 850 370 -268 910 356 -44 674 -643 544 -208 97 -434 608 -757 45 
816 366 70 -843 777 666 101 -967 -824 -188 -796 681 -268 399 -527 -738 518 -649 -327 859 876 905 -626 -362 -732 -757 990 -650 391 -112 -69 634 -908 920 943 -213 815 691 946 207 389 951 171 430 -329 127 601 -90 793 -756 765 393 -697 43 -599 840 792 -352 -455 321 -55 165 -490 -849 -740 -171 -195 841 -288 -134 687 
352 -544 -302 27 534 564 -183 -923 -29 50 -77 -311 -59 761 535 -685 -201 -543 -194 799 -468 -145 769 45 390 -613 957 -316 147 -333 649 -469 -13 136 -675 511 156 335 753 -549 -39 -776 435 181 292 355 -347 280 323 -571 305 -534 -827 -317 706 -105 -479 -416 348 910 248 -440 724 -295 359 -44 417 902 -851 353 -454 
194 -284 967 685 399 -480 -516 -735 907 796 33 14 857 -564 -236 436 827 206 210 -430 -466 425 902 50 -836 375 -695 490 -249 -905 543 325 -518 -993 -700 631 13 176 286 379 118 -875 -123 458 285 612 711 -153 -978 665 -773 88 -344 -928 -53 -580 -462 17 -690 -454 555 -461 -165 750 -922 -940 -229 436 -628 236 900 
-869 -623 408 740 868 182 -260 415 -411 -526 -604 447 -671 761 -729 -248 113 823 358 80 -58 -300 676 -988 -118 -452 602 -88 579 553 858 369 -235 603 -339 891 834 417 -66 -578 348 746 -291 129 591 736 -790 891 886 559 262 64 -708 701 -488 -406 -251 -704 211 -34 847 -573 785 832 -460 -911 -937 192 -322 -693 38 
963 -754 724 898 946 -368 364 721 -573 -796 -889 694 -541 692 62 -533 -452 803 -231 -398 -407 224 588 519 771 233 -477 674 -460 870 -917 532 -957 -866 -180 926 320 -796 789 -328 403 731 749 338 667 -934 589 548 -927 -71 528 -691 -831 -451 -652 195 -786 -392 434 -696 855 882 -338 852 398 475 529 630 838 -825 -28 
-546 714 -786 -211 834 565 304 -509 -862 932 -632 115 -602 633 -150 -261 717 -403 556 979 250 -952 727 612 -465 798 583 -698 -54 108 -322 514 708 873 -634 735 -586 496 -963 -175 158 899 835 21 672 -610 -393 376 2 -549 -714 300 29 -129 180 -978 -551 666 509 723 -522 626 927 -757 -157 -210 737 -432 -969 533 -665 
601 -560 -300 396 534 -489 168 -485 -595 -518 -329 -130 330 924 -597 408 -440 -437 -549 -152 -84 -351 365 -432 -538 765 -829 -369 590 -744 793 -661 594 -469 832 464 -825 -285 248 190 -41 391 -706 173 -891 203 5 -720 422 921 636 -838 -725 269 -915 -639 -531 437 -605 67 226 -775 435 -36 424 -491 68 202 -796 -270 -247 
-976 7 490 -361 -142 847 946 -221 -202 110 -616 580 809 -801 -557 111 416 -855 519 -918 -654 448 333 -308 -102 -601 -714 -133 -717 -836 -282 -982 523 545 -493 618 -608 25 418 638 -269 760 -601 73 913 -336 -904 -638 985 259 802 626 -71 -835 997 977 -795 -657 -699 355 -34 -108 933 -527 -135 260 -475 -337 15 818 -637 
-572 10 -759 23 718 285 -529 -474 -687 254 171 -490 -544 66 -705 -759 -722 -215 721 415 -601 -537 90 660 774 109 356 240 743 -627 -10 -927 -183 41 -493 -414 -81 515 -767 -262 219 -451 -60 -602 77 -70 -562 -627 76 563 -461 128 512 -401 303 700 -150 932 -428 325 -781 344 303 976 728 138 998 -447 797 261 -731 
608 849 210 185 80 560 -51 78 458 559 -567 693 -420 -161 519 802 379 552 -972 903 -347 -130 -915 -81 -669 994 -846 -460 971 -629 -509 407 -403 195 -299 787 578 -935 400 706 -884 -701 332 -293 -777 584 -806 418 917 637 221 -578 -272 264 715 -974 -345 462 438 -814 514 463 -945 938 592 -555 -508 -726 249 475 -141 
850 993 -205 -505 -968 -825 458 -623 -272 -361 277 417 -582 -659 603 -436 -555 -252 -343 -126 205 434 832 319 -973 -427 -652 838 -309 -462 -764 -311 593 883 -300 -248 855 76 -557 951 320 -264 794 -170 -264 -732 46 149 -278 582 -987 841 101 -438 790 -23 18 -346 958 753 1 721 -231 -517 -924 -683 -147 495 316 877 -406 
496 611 -390 -790 -583 -457 535 -675 379 -219 -627 358 -523 -499 -780 -77 -831 521 730 -997 -75 325 -574 -334 -261 -894 -715 -903 -756 -158 461 -11 870 312 -857 442 -992 358 481 -79 340 444 -722 225 207 955 447 -971 -5 208 -555 854 943 485 324 347 -695 -875 -774 -18 -610 195 654 735 983 -754 -416 -662 646 254 521 
-704 769 598 154 948 -352 -857 976 694 706 212 -70 83 913 -285 -370 604 -600 -284 -331 -269 407 988 -725 -479 -207 663 -353 -766 451 128 241 -951 -129 -87 974 -78 697 -331 -129 893 -548 -384 89 -23 980 998 -350 -514 217 460 89 269 -876 -905 913 713 -286 460 -871 231 -797 -650 -240 409 -357 923 163 -4 546 -216 
98 893 215 198 931 893 -895 461 116 -849 357 -367 -759 819 -349 -959 -243 608 -492 -86 -996 -594 -449 -796 628 -970 -838 631 596 -440 663 -829 -424 -92 51 -565 204 -570 919 909 33 -251 -720 260 -469 -692 -10 923 -200 -131 -156 30 712 -730 192 -332 615 799 -49 -595 570 -838 131 -804 -213 -358 185 -942 22 -800 723 
738 376 577 246 -235 -705 -416 -597 543 -672 -129 903 329 -158 -66 -956 142 -698 -528 225 -492 -713 99 -677 -33 -50 630 -135 -502 -767 -55 998 -793 -129 885 -318 -824 172 -935 954 -650 150 -889 933 -936 -274 671 668 -184 -617 -562 381 8 95 -981 -653 717 -543 907 889 -238 863 40 199 11 -156 -223 547 441 -509 436 
165 -298 -928 -589 -237 -687 -339 141 955 -738 26 151 -481 -226 637 421 -45 137 962 668 982 922 795 -861 -247 -650 803 86 -503 -173 225 -48 51 873 -104 -503 -175 775 520 -996 -805 451 -320 744 46 535 -916 768 999 190 -707 541 679 856 295 290 790 703 829 -759 98 -413 -229 772 -862 723 -771 328 291 -861 -863 
-295 -299 -524 -170 -862 88 -624 -680 967 -19 -551 865 -997 624 23 963 71 -979 128 246 541 -710 -570 28 -579 488 -787 -507 813 -484 568 -806 -272 -770 232 -336 312 915 -228 -441 -335 -182 595 899 -995 169 84 -53 -54 -700 -163 -198 -705 -330 -323 -69 -866 -934 -964 -139 -478 181 824 -947 397 -510 -412 -878 -894 603 449 
53 742 260 -190 -424 -504 830 177 108 863 210 -389 568 700 124 -599 -804 744 -433 -339 -913 420 -317 265 274 801 -668 -195 -651 720 -111 -952 -560 -125 309 423 -554 -653 -587 919 -786 503 -662 -149 -763 -783 384 92 -847 316 586 -91 -304 -634 359 -991 -838 480 398 465 775 -267 799 869 210 22 -959 -230 -65 40 -961 
-679 -127 511 -965 -497 244 -754 -21 771 -285 -266 -24 876 -8 26 -892 408 -454 -209 613 321 -499 754 90 242 -950 -289 471 784 830 -811 -733 861 412 -339 236 -834 -491 923 -512 34 919 -505 -15 719 -324 -838 -80 507 -606 -156 -266 248 -986 -928 -312 627 -617 178 -334 -851 272 -349 -317 919 -397 735 -782 -114 596 -505 
-2 -114 -966 526 -889 -824 71 -372 184 137 -151 -932 -222 65 329 -331 -558 339 -151 -445 -93 -10 797 827 891 135 -246 815 -561 485 602 -437 301 -847 323 77 532 -671 989 -456 -704 -744 -865 21 -138 -817 659 -39 17 -493 -308 -812 473 577 -864 -149 -54 957 971 -83 37 -447 -379 748 -640 -105 134 216 642 -679 969 
503 -723 -338 324 905 344 409 -723 -388 89 630 775 -272 286 -716 737 557 -999 -606 -536 146 224 869 854 -679 582 756 -605 892 -215 -882 318 -797 420 -791 -41 921 192 -200 -512 249 403 320 -118 -259 369 -38 245 -23 106 -707 704 -92 -575 212 835 700 -399 476 -692 498 923 406 303 -463 906 -507 -922 -795 681 -262 
455 846 501 -364 20 -378 902 -383 577 -358 771 -319 65 472 -121 766 856 -724 901 -731 -477 877 585 274 -150 -102 -543 -195 445 226 107 102 -656 407 -279 366 -692 699 379 -727 134 -585 -331 793 562 395 541 987 972 -374 -615 -624 -576 -214 -371 303 322 -417 -967 -555 820 -224 966 -961 113 -578 -639 -970 975 -356 -417 
634 -883 -242 -448 -991 -59 781 528 -284 317 -585 988 975 735 -640 783 -33 96 749 -269 -847 -510 -165 205 488 -283 780 -433 -231 -794 665 -358 -849 732 397 -809 270 360 -966 -471 -775 -308 -338 -772 70 443 733 621 845 379 -980 314 463 357 834 -624 -49 906 -940 45 337 -2 -552 250 -367 -722 -132 512 344 -974 447 
-21 -584 -545 -128 -312 930 -406 -361 811 -294 -645 -974 -116 259 824 -903 41 303 503 935 -233 838 938 -844 590 -470 -139 913 -633 -747 -803 583 -557 685 476 771 -866 -954 330 -569 744 498 -526 -112 -96 839 -734 -450 683 -233 -966 380 761 359 -870 -824 -283 -264 -706 857 831 626 230 524 -820 777 -709 -921 -15 -289 61 
474 276 787 495 402 -452 997 464 698 832 -112 -869 87 -145 -812 -917 827 242 -101 -49 946 -163 -697 961 -602 672 356 -672 -743 -967 -220 -271 -829 622 257 887 -176 -309 895 985 -901 580 -526 -344 -631 831 -98 -100 -614 -391 27 -651 -946 -859 198 945 -44 -146 137 -921 994 -947 -654 857 -510 334 467 902 -983 -876 379 
242 -117 502 643 363 -961 253 557 -657 -849 666 -850 -682 -720 -81 105 410 611 513 81 -765 -632 -552 -657 796 -104 685 965 339 469 -674 566 625 -395 778 224 -81 -931 234 388 -256 755 -56 773 518 -474 906 748 -856 -578 204 842 461 -740 -323 964 836 451 359 440 -237 864 -190 768 -455 -844 303 981 -431 -755 -517 
-930 61 693 957 -700 182 -309 284 -346 -299 -795 -850 359 -609 -872 -113 -882 475 757 608 -187 784 134 46 -583 779 613 -879 -248 -860 -251 -62 -90 288 -663 141 733 -571 -454 -912 869 -57 202 -978 -490 750 -961 113 -413 843 417 628 959 324 65 449 282 -599 994 -199 982 -155 616 -717 250 -986 550 726 428 -324 -448 
506 -614 194 -714 -143 766 -25 -450 -347 -158 779 655 15 -991 -841 343 -807 297 -633 590 115 -750 -162 -553 570 816 -457 -611 980 758 -117 359 -723 -175 -420 2 648 -729 -779 -796 658 -898 -832 -93 -297 -355 392 -894 783 -189 748 950 -861 88 714 700 -430 115 -81 -354 767 844 -190 -489 -944 -216 -3 301 -647 -104 -541 
-543 -306 826 460 95 715 809 -148 509 -469 646 -445 631 -811 -957 693 -921 635 59 522 -360 -131 -236 671 650 653 -529 764 455 354 -314 -921 89 -955 101 418 662 155 429 -311 592 -111 -908 -762 -585 985 823 355 9 -511 -315 -450 560 916 -233 -865 485 609 664 814 35 -275 -670 307 -476 -149 -963 669 684 -299 -602 
626 -787 640 -841 775 737 -772 -907 -74 741 -796 921 932 -481 -136 490 906 463 142 -799 655 671 -839 -419 22 -932 938 -198 -12 -496 52 -299 453 546 -735 34 -8 -135 810 -319 -202 377 235 327 916 604 325 -691 -404 664 -830 -899 -169 -28 -579 -677 -308 158 -520 -102 -447 124 418 -451 -512 220 330 -859 -661 18 -324 
-86 323 202 -903 -114 -444 -497 -826 453 675 489 786 494 -897 967 -390 -462 844 162 701 571 -300 -340 163 796 191 -949 26 300 974 -116 -518 -814 324 745 979 357 -625 906 436 -825 302 386 -714 -169 465 679 -225 909 843 -52 901 -202 586 259 377 -656 -981 188 981 -512 174 -569 357 -891 -911 749 27 631 -367 842 
12 405 -288 344 365 424 17 802 829 -525 -959 428 174 680 414 947 -620 898 -430 528 512 -714 722 -108 540 -647 519 -76 429 -40 -604 -489 -395 -834 146 493 143 721 -288 -29 110 -859 265 -592 -475 -704 -263 223 113 826 817 -875 -48 -656 -180 -228 -631 872 -188 854 -185 -135 -814 -719 99 -233 -266 -642 -147 549 565 
-100 668 -780 384 868 419 756 820 661 -301 753 835 659 -778 -515 -5 365 73 652 -253 -596 -248 832 479 789 -636 313 -360 791 284 467 -448 189 -522 375 -675 -951 352 -209 -585 878 -811 413 413 -68 397 754 -716 293 471 536 -794 326 841 -854 292 -870 -808 -597 210 759 -434 -170 46 -454 -105 754 664 -197 369 479 
-325 -725 -361 -327 245 -134 -517 -302 252 -585 715 843 -295 261 425 -274 203 86 -781 -19 788 586 -602 -392 -111 -628 -742 748 -14 -16 -761 -177 -521 310 -450 733 524 -284 -446 563 693 560 -683 845 -223 -321 767 -922 132 -326 662 149 653 477 -899 -793 -987 -195 -806 123 -897 -847 71 -394 804 -459 -821 -845 -281 371 605 
-25 -215 961 -428 993 812 -162 333 -561 -413 -281 667 -241 545 -338 -998 228 115 61 -239 66 -758 768 -160 754 934 -578 727 998 -168 414 -578 -272 767 999 143 882 613 -12 -223 -368 204 -879 659 929 -466 914 -351 -777 -638 -711 716 -258 663 496 312 707 710 -810 -492 -258 19 -56 -530 -941 24 720 -94 -28 1 -543 
-153 -855 427 -464 713 -703 331 140 849 246 533 -504 881 -553 -328 -796 478 288 458 445 -256 648 745 887 -419 -725 -4 329 967 151 285 757 -586 -324 -912 -731 669 579 942 776 162 -406 -266 395 -465 -30 -793 -671 112 -180 -1000 -251 -25 -711 -393 995 -389 638 324 835 -464 499 -934 -474 -920 -419 -854 344 50 -319 186 
480 372 -322 -319 908 948 109 -902 -627 -897 902 -251 -111 229 853 660 962 204 628 -386 -344 714 625 -413 627 838 947 -777 805 -718 -785 -518 -875 274 391 -711 140 -229 -509 25 -472 -666 975 -184 -859 -453 -619 -669 776 50 544 666 -860 280 547 -853 4 523 -316 -88 542 470 -274 -339 -877 -711 -230 31 -550 -339 -6 
976 -487 543 -115 -248 609 -818 119 100 -806 -82 728 -511 -322 660 -186 634 -698 -759 286 -886 -792 -486 490 8 -340 -559 459 -148 4 -745 -103 167 -594 800 -206 -475 -916 200 -390 605 457 725 -463 -785 142 197 -442 -944 -587 -506 -836 348 -151 656 -500 451 716 -782 287 -703 -328 940 754 979 -344 451 -440 207 762 712 
302 -119 -844 -411 949 -409 -651 304 -117 484 -44 702 374 122 676 530 825 461 -131 -35 -306 -301 630 187 440 -196 -3 680 -140 -727 -603 -392 989 188 -239 -14 -827 -988 -117 394 988 -518 -21 -558 -30 -648 947 601 734 519 40 895 140 -51 -511 -476 791 385 560 59 -500 585 261 759 -77 182 -147 -2 -799 411 206 
-635 933 863 352 62 213 -337 -389 -915 -302 -162 470 -222 583 33 268 956 436 -704 -864 748 -426 -867 -691 213 682 931 994 395 399 570 462 -356 -835 34 -27 -219 224 -498 66 -491 -350 -730 -934 -825 656 596 -986 -420 -176 589 -505 -38 416 478 109 -31 -357 -853 228 -452 243 571 -440 91 199 -916 547 365 -340 679 
917 -783 -90 -42 -925 308 -729 -406 -840 -447 -134 394 272 730 -620 920 511 683 -309 -866 52 -517 940 450 15 -167 595 -909 732 -890 -674 -415 406 -272 277 -247 -66 -595 910 800 425 294 887 -846 -54 588 -535 -10 967 -859 768 59 -471 -253 814 153 597 867 -82 736 74 858 652 -699 -555 -234 -466 387 -291 -687 508 
144 -127 -296 -841 318 850 868 475 921 -508 -767 -978 -164 686 419 612 923 906 224 -267 629 -243 64 282 45 -307 635 169 797 -695 -528 794 -279 728 863 -622 73 -740 82 -940 391 -464 437 -280 435 -895 -282 -808 -895 801 209 543 -825 -283 -775 -570 -333 -35 -501 405 -5 226 588 -765 913 731 508 -610 -742 -762 586 
307 160 -703 -503 893 -852 -97 -157 20 -463 -570 -723 799 49 -145 891 129 -66 46 -225 -857 928 -110 -353 -403 -278 286 828 -193 -200 398 -834 -739 345 -642 176 89 227 -992 285 432 578 -754 -580 797 977 700 -933 43 -181 149 786 -927 361 -524 -766 266 -811 -259 802 184 -396 -696 513 -37 746 -322 -4 -721 618 -634 
449 -898 832 923 -34 -287 165 377 -140 -284 -104 515 852 280 -323 -431 -700 629 225 -525 -565 680 -782 -810 964 -798 923 -989 -254 -759 734 307 -504 797 -90 -4 -24 -599 -663 -538 998 -224 -430 497 323 -637 666 -368 -262 227 465 -55 512 624 -38 -658 -817 637 -895 725 -605 -929 378 -214 595 -375 544 -12 934 816 826 
20 713 513 715 -143 811 96 -172 473 209 695 -776 285 905 294 71 832 904 -577 -128 197 480 508 -205 675 144 575 -575 -451 101 916 348 485 -393 -88 -38 -389 -888 31 -482 477 -409 677 263 862 -934 -302 638 -467 -784 -419 -316 -85 -706 0 -355 553 87 -449 -749 -575 -926 542 -746 -195 859 -577 752 -377 591 660 
95 131 164 326 -197 -286 -18 -813 275 330 67 420 -217 -321 863 394 -353 206 -11 -433 931 433 292 894 30 767 526 997 -20 502 -193 530 432 -227 193 746 -715 988 -837 420 34 -828 158 -602 -70 413 308 -766 -342 -126 -756 226 -961 -490 113 -374 32 -528 -225 149 119 220 513 50 612 370 -126 372 7 456 313 
