153 113
-299 -528 238 -237 -707 -305 56 981 -913 -548 -456 -174 -311 18 -670 745 -361 -876 156 -549 -372 238 674 727 58 -545 97 -793 -417 87 -663 -647 803 730 -109 26 255 314 244 715 395 -965 769 -300 -937 -855 796 218 816 -805 -678 315 -780 971 -23 713 -453 109 907 -215 -619 -401 -593 779 -31 -888 825 14 -80 215 322 753 -778 -758 520 -450 89 641 483 -40 508 -437 -704 -133 -864 485 729 554 -805 -431 -92 -698 495 20 -516 -868 355 880 690 -731 765 -207 380 37 -248 485 -965 832 -147 -673 807 -766 -86 
-821 554 -230 12 376 -645 -488 -746 -25 -737 -622 -964 417 783 420 652 46 -930 515 -289 -204 -14 694 -149 -41 487 -952 898 187 -269 531 321 -927 -419 -641 248 941 -394 -826 -655 719 883 -12 523 912 485 -457 251 -478 -619 778 -655 -1 45 -99 -573 960 853 762 76 747 464 -40 -69 -114 442 823 560 274 520 -369 -687 -721 939 543 384 -662 584 -893 -262 915 130 452 732 652 -319 -364 -846 -506 699 -617 -784 -573 -285 -723 -740 91 654 -397 -775 3 725 -282 -824 -997 -893 -910 -96 -833 904 -634 414 490 
-595 185 121 -462 -784 369 830 -526 744 668 89 -594 94 302 -435 -697 -962 174 271 -136 -296 650 868 -8 -133 -748 940 -894 -66 -572 -189 -411 43 322 850 246 -359 202 352 485 165 -339 277 606 320 758 199 602 216 -299 483 -837 232 -192 302 -26 682 400 188 -854 617 979 516 952 -352 -11 -930 -885 139 158 -500 -176 798 156 277 637 63 502 91 3 752 -280 -856 501 -323 729 -807 -297 884 -505 -410 -898 924 -680 243 -691 -655 574 780 -38 790 -839 662 -158 -942 -642 -932 -859 -65 -782 764 -957 577 
866 -451 -851 -912 -201 647 264 895 695 -474 288 -257 -647 112 -62 858 -20 70 609 688 -282 -885 -641 -75 658 -552 -884 185 -542 -498 23 626 970 -78 602 618 -427 -735 699 -275 399 -115 -477 -327 529 -880 398 -390 -211 548 -465 -635 858 -92 -80 547 711 -589 -487 430 303 -883 700 267 -431 906 376 -101 -770 -123 848 441 294 -65 998 65 -386 586 379 -668 -539 269 -387 509 -153 -326 -842 310 -375 -634 122 803 114 576 958 493 -534 862 -473 995 -648 -236 -62 -417 157 564 -441 -872 721 -928 -66 462 -727 
801 -479 -513 588 625 800 163 941 418 749 981 853 -588 -235 398 -114 -174 -198 -371 294 -497 -260 26 -46 -475 -896 -338 932 495 806 340 270 107 614 -356 358 685 41 362 -94 -108 -378 -692 655 -11 -994 -509 521 -535 -666 -316 -612 11 -977 571 -62 567 -570 469 759 -962 -793 539 223 -279 54 -580 728 936 263 954 -793 501 -770 -714 19 183 560 -608 446 -832 -524 767 581 261 -939 553 -475 306 -240 261 130 567 -911 -569 993 431 137 -612 606 305 -194 -679 564 -547 83 -45 791 -228 940 544 -538 563 
-139 156 803 -938 -831 685 936 794 651 192 -2 -307 472 418 494 -626 967 941 104 266 50 970 -98 -394 -365 -617 -492 488 -262 68 -256 -109 891 -750 -542 -463 -748 489 -314 758 -239 -809 -203 -401 382 619 -511 81 -24 -484 962 301 -218 -243 869 647 -195 -492 -36 147 758 723 -207 -35 415 186 -405 446 -806 449 -248 -631 611 -157 -236 -27 109 271 10 637 -126 -37 356 556 189 -901 364 -351 -191 -677 407 -521 -408 813 -437 392 -48 -661 812 -646 -593 -729 803 856 -339 525 173 568 -997 31 -174 -102 -919 
-906 148 -758 -771 531 -311 515 288 -847 527 172 276 -310 607 78 764 466 -101 -959 -942 -101 -845 -594 553 56 809 424 936 64 -3 612 49 143 377 -216 -530 -604 -359 498 652 115 825 136 544 612 -714 -276 -828 133 -415 605 480 -775 -709 -813 -898 534 712 -710 147 -401 236 -580 -233 -141 628 -540 677 -904 -613 921 -341 -338 -168 -305 -902 947 -512 859 615 329 348 -55 -293 711 -417 199 -211 -585 -401 158 -569 632 352 -77 -909 -597 538 827 965 0 -942 -248 -898 -455 -353 928 490 692 995 75 588 277 
-795 263 -975 -384 230 329 732 459 568 198 -10 -869 -671 488 -953 572 204 854 894 818 -223 -312 511 976 -356 445 411 -613 -672 -710 -126 -274 457 547 328 620 -837 938 -118 238 511 -602 32 -22 325 869 166 678 360 -258 395 -14 51 408 536 -456 -674 20 -822 756 -854 800 754 -333 -565 731 768 -344 -788 -798 -846 120 -865 326 -624 -673 616 609 -942 -248 36 100 -683 578 -315 -262 -258 -788 869 820 -221 -749 -718 357 -367 -624 -154 -528 702 168 -323 -299 -942 417 770 254 904 -842 340 -792 608 -255 222 
-675 585 -923 431 -834 -283 -303 -5 986 43 692 -39 -206 510 87 -832 -361 -933 429 -368 810 -740 -621 -993 -984 -718 6 310 842 -429 -224 586 -80 533 -120 -223 -388 -954 750 -855 -372 505 -145 -424 406 -709 -360 -224 -394 872 -203 378 -932 613 367 331 931 725 689 -514 -533 -262 -823 -302 164 -961 -296 -91 -561 -895 -34 -589 543 -14 716 -277 -408 -563 -641 -422 110 -36 -284 -345 -847 -141 -481 -67 898 549 -66 507 -634 84 199 355 -999 825 -664 217 -433 -638 645 -378 196 -390 -895 979 144 -620 103 234 354 
669 -821 -427 -624 771 -84 468 518 -933 52 -549 -965 -947 371 -796 -605 820 626 160 -743 934 -525 -959 574 55 -374 674 -831 926 747 -892 675 -83 428 -349 350 -448 142 -517 -571 446 -567 -487 -365 -623 633 678 957 -382 310 -646 868 -613 459 -847 385 -831 599 -834 -601 920 -530 377 -967 202 -164 601 -282 144 98 -534 731 848 -746 -686 839 605 216 972 -561 -622 57 170 330 -438 -128 770 320 842 919 304 712 -3 -760 -604 -844 268 75 -532 156 925 389 370 359 -20 -306 481 464 -47 -749 435 760 645 
-109 167 -400 836 -7 -639 471 775 692 -97 375 146 329 741 -132 -481 976 626 -703 882 350 114 140 -532 69 -982 535 604 -701 -186 621 -29 -286 477 571 -175 189 -116 -717 -768 -312 303 -745 -934 52 -642 -751 -36 -400 -438 -814 -731 233 -418 72 809 -793 -767 -73 -73 -716 -935 -750 -836 582 525 114 964 -266 525 592 -229 818 758 -86 262 -352 428 -579 -939 423 -694 231 147 -486 848 -248 -722 566 393 -574 245 -397 125 309 -691 -375 -837 311 132 96 671 -164 -755 -501 -349 -655 -351 -18 -589 -472 655 -698 
311 772 -62 -294 620 -230 64 -215 287 -779 -725 401 -878 374 862 50 677 -452 684 133 394 -719 244 -643 844 315 -621 973 422 -826 579 240 868 100 -716 -998 -630 145 726 -758 933 -133 389 -379 -692 -920 -769 -156 -374 -765 -741 -796 491 335 -754 -195 876 -133 83 17 235 -749 599 -83 700 457 722 -904 -303 -495 861 352 596 452 -851 -579 911 598 -679 -568 216 230 -608 493 -381 -47 -18 669 -200 -263 -165 889 969 56 930 -682 879 -828 -632 -344 69 523 405 -213 224 -255 141 -872 -489 75 471 -938 118 
967 -954 966 288 -270 -503 -605 -337 -696 -477 207 709 -336 876 4 154 102 164 -485 -614 711 -719 555 286 -431 5 -263 404 -490 558 -453 -964 237 31 820 271 -743 -480 228 990 -540 -279 603 -845 -597 337 291 -20 97 287 -372 -480 744 -186 469 277 -153 -983 -533 243 -692 200 227 -80 -483 186 38 -353 458 -907 534 12 135 184 53 -654 -66 829 216 -120 581 520 670 117 -799 825 445 -106 -848 -819 947 -9 25 194 281 -918 -475 -680 -529 -869 890 -516 328 465 243 756 -493 224 704 598 901 657 493 
-292 -105 513 996 -572 85 865 561 -157 119 264 560 -45 12 -171 -48 579 -443 -453 -10 -209 -420 -387 994 386 -400 -243 661 899 936 -129 -470 512 369 -623 -916 -395 -318 764 -915 249 -393 221 669 419 -514 717 -670 29 855 78 -226 -123 -128 848 570 -5 998 479 -202 281 292 -256 736 106 -662 -473 -262 398 165 -833 422 479 -609 11 -956 625 663 -715 -598 911 67 -999 391 -576 113 344 -778 351 -34 -236 858 156 265 -457 -426 889 716 -212 59 -994 -227 484 62 872 -920 23 241 164 44 983 -682 962 
-410 674 -279 705 -455 -921 538 -567 120 -55 854 144 681 128 929 -325 447 -693 -486 -412 136 58 -956 -232 610 -883 -767 126 -468 681 -582 -597 307 27 -886 -426 925 -597 -338 -805 -634 617 508 605 -536 142 527 313 -292 -434 80 332 374 -64 -883 828 -161 -216 -179 -578 660 -410 -276 562 278 809 74 -363 -410 766 107 150 919 690 -577 494 -91 -636 955 -806 789 -417 -778 809 894 -43 -760 248 719 -886 682 226 426 591 -146 -13 753 403 -658 -342 368 725 695 534 531 -666 20 938 841 -384 -43 160 -165 
807 441 -572 342 776 -992 -714 40 -27 -532 4 67 594 103 -706 -230 886 -258 -387 725 -880 505 41 297 -361 -865 -680 71 -6 601 746 -373 -248 -647 -990 556 -249 -195 84 107 124 -540 620 158 25 -32 -955 -59 -893 -748 710 -725 -900 734 47 150 308 538 -250 566 986 -120 310 -740 346 -858 -474 -619 -493 497 -603 765 212 -125 83 825 335 915 258 675 -620 -584 -247 -66 605 -938 562 -954 173 -727 -556 10 413 670 148 -540 830 -712 -300 108 806 332 666 -851 754 937 -185 -650 -729 322 -608 -72 -482 
698 481 -374 648 -483 197 -280 -171 903 12 608 606 -879 571 -694 -352 -758 306 -294 -378 580 -721 -490 297 -702 -548 -670 675 -726 -750 868 943 -267 403 992 972 -966 746 -701 22 -397 239 -856 -662 190 -769 322 895 -586 -554 615 -137 509 -493 53 371 -316 298 -352 433 -956 -77 145 -445 261 -886 64 -392 296 428 766 -792 298 -303 894 -318 -309 -470 353 -89 654 -734 -601 -995 405 324 -217 113 -493 753 414 -285 925 -793 -445 952 954 28 483 -581 -867 -69 576 401 248 502 -92 -64 859 -205 -497 949 -690 
-57 813 -33 664 -769 -110 -719 -447 622 48 296 362 -161 358 3 992 188 -282 -147 -791 -660 -446 569 -358 -312 909 -336 -793 469 -442 963 -659 -726 669 712 -677 349 -593 -407 -86 70 400 -504 -504 515 -513 -591 -506 -779 761 -150 -868 -912 287 -971 -72 144 335 -653 -169 184 -149 -140 -89 -739 -418 -715 771 546 -383 -118 930 512 -870 -840 -130 -685 760 -966 -538 910 -18 24 -182 -645 233 -478 732 -583 -657 975 720 -903 -889 -202 551 3 -239 -235 -840 -362 -501 -792 723 497 270 -483 -838 -13 831 362 -599 -39 
-688 863 -649 -681 352 -41 874 318 -386 -397 -320 925 643 -468 837 401 141 -18 263 675 -279 -501 -342 703 -868 -234 -7 -666 -743 568 -804 -903 193 895 201 -207 58 287 -467 -865 918 -925 -180 -548 366 -556 101 767 531 709 311 922 55 -550 -531 367 -488 50 -490 327 951 408 141 667 822 555 814 -183 -313 -424 972 255 -161 -222 689 447 -474 84 542 -595 976 -80 365 -878 808 336 -603 -211 65 667 -422 444 -89 -908 59 943 449 289 512 -319 304 697 618 937 703 855 -94 774 -49 -690 779 -459 534 
-261 -375 293 -248 -59 -968 123 -7 851 -16 -828 -442 -958 282 -60 -990 693 976 723 -735 -3 -277 167 871 200 -370 261 965 254 728 620 -39 -697 47 947 229 972 -938 -227 236 390 -218 -229 907 794 767 216 -350 745 980 13 314 125 -807 -423 -796 396 -12 -767 857 332 70 21 694 30 -40 883 -144 -611 -490 735 -637 -549 -479 -761 505 88 905 -696 555 268 48 219 554 -810 710 -256 -790 744 645 -877 -465 145 777 646 711 -817 -170 -92 5 251 -705 -527 130 834 766 267 -688 85 -499 -281 932 -445 
237 58 444 -981 656 -738 -407 612 97 53 -117 2 -907 -699 90 -656 -37 48 27 4 -813 -313 -413 -348 603 255 -722 851 -733 -439 973 -270 -481 -665 965 398 653 74 379 699 166 486 -443 -683 -714 816 -778 138 -276 643 403 -839 228 -547 878 -776 -379 -613 83 777 -6 718 820 673 -571 -754 -86 -959 -436 -837 -304 875 21 995 -329 18 -776 513 624 760 532 -740 97 -539 772 -827 -838 399 150 388 449 117 -574 -547 645 -771 -290 825 -545 -235 -861 196 -813 913 -417 -317 -346 920 -219 -874 412 222 985 
810 191 692 -558 165 -892 489 40 6 -506 -735 497 -507 -632 -504 296 -304 -950 -343 888 25 -243 952 97 174 260 161 -889 743 -444 -111 -737 -482 720 -837 -724 188 871 -12 -590 603 967 287 -399 -55 256 151 -737 488 -894 123 218 -990 -340 -222 113 698 815 -551 -505 919 533 539 -122 313 -618 -854 -903 -675 516 764 -782 -559 317 -72 782 -606 -182 76 -36 -409 869 310 83 -769 22 -112 259 898 816 731 -929 -663 -637 612 -337 -21 803 -20 791 325 -63 -414 222 48 -85 830 -682 -566 -194 -579 435 784 
-920 182 -691 763 -190 241 363 -3 -158 -333 492 148 605 -570 -778 -643 -83 25 762 -246 -311 -606 -76 558 974 958 -394 -619 -971 26 -86 542 123 -226 568 -176 -291 622 971 669 -500 -47 455 -823 934 266 893 372 652 -161 619 -379 -744 -375 201 -21 335 -600 -424 821 -794 530 -974 529 925 109 -363 686 572 -471 649 108 -335 825 -922 -340 -500 -859 599 -476 502 872 -773 -753 3 6 394 614 354 459 -919 929 586 -922 427 -639 439 -443 -332 70 -302 -383 523 623 -567 740 483 214 -889 945 -282 -739 742 
4 379 -92 -531 536 30 -904 481 93 196 706 -827 997 211 842 828 470 -388 605 362 309 643 689 409 -787 692 -880 -845 72 -425 628 212 -817 -151 655 759 343 798 -820 847 -731 -958 -80 -126 -360 -746 399 372 -108 256 151 -904 476 855 -245 -973 -265 -411 235 959 475 -190 559 -495 -155 57 -766 -221 -858 -936 189 -66 397 -193 -931 929 -853 657 554 821 -926 -528 921 357 746 -210 809 -701 695 -550 71 -708 544 784 -304 244 -711 798 129 831 -404 -436 -110 853 -1000 775 426 -377 485 -73 188 341 -330 
769 926 470 -543 -336 805 28 239 890 -277 -75 283 -637 814 -35 343 783 242 335 -505 290 -137 -993 -283 281 672 301 -786 -190 737 -870 -477 127 -160 194 826 -347 -933 340 100 611 382 406 183 318 385 -367 -36 -886 -226 -247 -470 351 -546 973 320 323 -411 785 -560 -151 -227 683 575 -928 -559 -351 -289 99 -702 -66 -600 327 -173 545 508 -195 -944 -576 -290 468 202 -587 -737 350 -996 -485 -785 640 258 222 -91 365 -831 140 -272 -658 -222 -726 -852 49 -869 -459 -384 -914 -702 -505 -720 -534 -991 544 -46 -992 
-830 652 615 660 715 745 799 394 404 174 455 -653 711 -519 776 -462 -677 334 -576 -458 215 -283 303 -641 923 -685 -191 -393 98 862 -338 -432 -535 -992 -659 808 -128 731 -212 901 172 -890 -230 -697 614 -72 657 924 -19 229 -506 -695 43 -762 -831 -800 721 777 241 496 137 202 544 629 -691 408 460 222 468 -816 976 -952 508 509 -410 -162 -21 -326 -176 978 976 -73 435 445 -92 -324 121 -613 67 -313 -903 636 682 -73 -382 941 751 480 -82 -985 -95 483 -471 969 -820 -39 -458 -647 -83 99 622 -595 821 
300 901 -92 -976 209 -789 -390 -202 116 899 -249 767 391 -260 -624 -156 203 -781 -571 968 -163 -984 276 605 -631 906 -703 61 -798 -934 349 933 -678 -388 -116 -160 -584 -920 -653 858 945 556 846 303 759 -892 396 257 477 -756 490 118 -906 -931 -697 436 451 535 987 452 -633 650 -714 -161 -3 921 -77 -140 322 -764 76 94 -699 -656 142 430 -342 848 972 337 704 -495 621 507 -827 78 -181 -115 993 476 -84 -889 -160 15 530 -451 -113 500 143 90 -906 -401 -542 -372 -601 -257 72 151 859 289 554 695 -658 
237 -990 252 68 317 253 611 -723 -257 -728 -215 -776 10 -64 -320 148 -966 228 327 137 -947 874 697 -257 537 720 83 -505 794 971 171 518 601 858 -472 305 -554 709 -98 478 558 -889 68 33 805 814 -98 -135 348 276 -644 -202 -163 -220 483 175 179 525 459 -611 574 -77 270 -539 923 -429 362 -252 -686 889 402 511 -650 -791 744 -245 414 406 -727 -745 -817 146 207 -472 321 919 -988 651 945 782 743 852 364 195 554 526 -300 -90 421 -327 794 -407 561 -504 516 141 701 535 825 -422 -603 -424 -79 
-750 -352 248 -776 106 -955 707 -150 -234 579 95 -247 -597 59 -637 -123 -588 -741 -185 -664 -155 -986 -837 877 -794 -921 -914 77 204 349 -340 -319 927 41 596 -20 -797 -63 691 70 -450 254 896 538 817 14 668 -253 124 88 489 -793 292 -542 -884 -825 223 307 39 -441 688 987 -728 246 -354 917 -583 275 -132 -832 -885 -253 -668 588 441 -446 -710 -530 -813 888 975 -917 -80 -5 830 829 927 141 -903 57 -485 974 -385 -867 -219 780 -932 -226 731 -301 -680 -228 881 -385 651 -985 960 808 -277 -984 -897 -487 228 
-236 -32 644 552 688 177 -776 -724 388 -426 -464 814 201 264 711 -629 823 -919 249 -321 -204 -576 -983 679 553 -579 -372 -905 -34 20 -829 -122 1 -610 -739 596 439 -645 -404 -348 -671 13 -746 405 279 342 -260 -644 -71 -45 342 -84 359 -672 750 844 -301 -95 12 124 652 -866 -172 839 -963 369 711 139 925 -841 -110 361 371 -897 907 714 265 396 -347 -453 650 385 -710 528 349 129 286 333 62 385 -203 937 305 713 936 -413 -544 667 -210 806 333 709 -400 -89 -677 -485 12 150 -261 -27 -937 -771 535 
-500 407 826 200 -811 664 742 973 585 -8 469 -193 362 381 391 -454 -324 -712 -850 -826 309 -935 275 -726 -890 643 671 30 -634 -723 -417 -189 703 -995 430 609 -186 238 567 -882 -773 573 625 690 -683 -281 890 200 260 -657 920 632 -746 -865 -744 513 604 37 -770 577 914 -816 -529 722 127 929 -739 -898 -371 -904 494 -929 -326 -528 -540 -620 -17 984 -56 -287 720 689 856 419 658 676 553 -404 -701 68 -894 -702 11 900 918 -260 -284 187 946 377 765 476 875 758 -257 304 -299 -211 -461 -593 50 -744 -574 
-983 -880 200 580 539 -825 473 -414 -512 -265 -545 -82 -560 530 -863 121 -949 -756 -225 -32 -844 -965 -377 -914 -543 82 826 424 -302 835 230 -120 -741 -227 219 -858 13 551 -78 -850 -37 -704 -276 478 -982 534 530 -733 152 368 -879 494 -859 804 5 800 461 -872 151 -447 27 154 -306 -900 772 -933 -128 -276 -644 617 -642 -265 -925 849 -211 960 -818 -534 234 -423 -280 -427 -169 -937 970 -538 999 -6 929 693 -813 966 941 -354 392 -950 679 -865 996 -780 381 -913 -648 -850 44 567 -143 612 472 388 -751 -968 -533 
630 642 241 -11 -104 -919 -950 546 530 21 367 -421 -668 -192 -779 -449 -35 274 325 829 120 153 593 331 -778 -740 -99 223 -787 153 -88 -471 -643 -109 -966 -699 232 846 932 174 840 -546 -71 10 174 -696 535 -868 107 268 712 843 -960 -776 332 808 879 332 -645 -21 -534 -779 544 -3 594 319 -181 489 -360 979 449 874 734 -421 661 -166 890 -522 258 381 -568 -395 401 -535 -741 -364 -335 421 990 42 779 606 207 69 -679 581 44 475 -960 -809 -785 645 -5 857 -371 -464 -376 994 697 606 -857 138 -633 
-128 30 -157 925 -505 440 668 -595 -569 -932 771 161 -381 116 -959 365 116 404 -902 309 -384 -791 742 -922 -478 -450 -655 207 608 -721 -727 -375 -837 150 21 -2 712 882 212 -947 -257 -154 -625 -486 -477 -816 -257 922 -742 -612 805 -732 79 714 188 -201 517 761 373 -551 559 -487 760 -524 323 -834 -142 -865 -233 -654 852 -296 -423 211 -737 504 772 -631 914 260 153 684 792 -510 136 -717 191 176 382 291 664 -81 -862 -845 397 -9 33 -871 539 -134 523 -312 548 684 -989 -472 373 603 -455 -794 743 -247 322 
-882 602 280 -347 -493 -447 110 1 578 462 -551 910 271 -377 573 -105 777 628 -274 654 -558 -990 78 931 424 707 471 395 -705 270 165 -676 980 -737 -970 818 -289 -999 -860 318 933 -618 837 -115 -599 -757 -829 509 268 361 -100 -157 -875 -595 5 865 -505 -59 755 462 -125 351 318 182 -34 124 -496 988 -703 214 -606 -234 -487 871 -223 -567 188 -955 -808 -248 -73 -36 -986 491 19 140 -322 -853 -143 152 833 414 314 -521 844 -454 -939 891 -100 24 -303 -72 696 985 583 189 997 -981 790 -99 -613 -224 -732 
67 -157 -805 245 605 -146 -837 -134 -505 216 -265 15 336 975 693 444 -758 787 -867 72 -73 935 773 488 457 779 179 -406 847 808 549 -224 -120 -112 807 736 56 -765 -773 791 797 188 -952 -963 -938 506 -810 -69 -580 -250 451 974 -361 -547 948 -819 530 -404 -367 -678 14 -44 -176 -840 192 -546 999 -317 698 -577 -136 -828 293 -452 -587 145 -419 461 -769 -145 -290 458 325 376 -898 555 728 -674 -291 -513 95 531 64 913 976 -789 -805 -45 -50 -222 -161 971 177 650 843 -225 -192 153 -854 -38 -792 784 -468 
-62 923 786 109 858 627 224 -924 -762 -434 -675 418 -690 875 538 -507 909 293 -763 -967 332 654 687 -693 -648 116 -62 -518 -876 -298 -275 586 -415 21 234 222 166 465 -412 306 375 490 -701 872 -103 -434 976 -427 736 -198 821 317 500 -356 -111 859 959 415 -800 222 -56 -215 422 633 969 656 830 -713 909 -260 172 -469 310 938 843 990 -321 -380 930 204 -155 -576 841 998 283 -19 286 -721 661 417 321 -184 -611 -813 -965 883 -732 348 552 -657 133 -282 831 485 570 285 -212 690 947 -520 290 -227 -302 
-351 -33 368 -554 425 74 -864 -420 952 854 -967 -482 -804 465 -256 368 451 16 581 404 206 251 832 128 557 -145 -155 866 -118 -9 -38 -461 -387 426 393 51 471 521 227 -125 -76 263 -935 850 695 62 192 245 -720 681 773 -938 -661 873 820 530 -654 112 -257 572 -558 258 85 -414 285 -810 -332 778 986 -644 655 -628 -742 830 261 383 -215 -238 -433 391 272 516 167 488 -924 211 174 -273 922 687 -936 392 342 -105 -187 -437 311 -703 887 -542 -855 -700 786 -851 349 -860 560 -180 717 550 -702 -95 -793 
-278 -304 75 657 874 -8 -761 -513 -572 666 345 135 780 631 -983 461 -320 -304 -759 80 9 -122 -848 -880 103 -799 756 -387 565 523 -404 -454 442 -348 -903 -698 -19 -210 573 497 881 516 531 -868 605 911 -564 -628 583 118 668 364 332 -281 936 712 -975 -33 -804 673 154 405 -590 203 317 155 -447 838 654 -728 -164 349 231 764 -418 -757 572 -308 823 528 -124 -271 902 152 851 -655 293 625 79 -518 -874 526 -951 -935 -109 46 420 -843 63 -315 124 520 114 -774 411 -96 -522 -11 154 423 -432 487 -977 
-800 824 333 -335 639 -120 927 -636 -53 476 91 472 571 830 -760 -797 985 -153 27 454 -591 373 585 -288 686 929 -816 752 689 66 -431 992 -951 -746 620 315 880 -509 853 12 773 924 -611 -962 979 -717 -956 855 -336 417 278 -321 271 568 990 -411 -46 852 592 349 -389 -294 391 -424 120 -673 -284 -798 504 481 277 917 -436 230 112 -150 -532 -502 -318 816 650 803 682 -567 -702 -843 935 85 55 766 179 -723 -631 428 761 -474 -955 -274 856 681 766 -303 498 800 836 -913 -603 -328 461 -517 -153 -205 230 
94 417 -289 -23 -364 -602 532 -848 39 -173 614 299 -547 811 588 504 516 25 -274 731 -332 -425 -583 -243 264 -33 719 -919 605 -297 222 -411 922 -116 195 -124 476 874 826 675 -378 -119 -323 743 20 -407 -924 -723 -460 970 359 -948 333 764 275 494 -947 -270 101 625 10 249 -301 -240 -338 673 966 -761 243 34 279 964 633 -224 -313 108 515 -730 -552 633 -683 -625 470 -464 517 266 219 -962 991 798 919 935 -31 -554 -573 -154 586 -113 -283 -557 -864 -669 651 805 711 32 967 308 719 759 4 846 -445 
775 -353 713 567 194 -438 -329 -996 -448 -406 -230 -212 140 -325 -930 -467 524 -823 384 -381 759 36 -499 -508 43 -708 -752 -60 817 461 545 10 402 -415 982 804 529 -959 746 858 680 -97 168 -786 -214 506 -33 -124 564 943 -549 351 -176 -64 978 -833 108 -675 -885 195 -771 165 -149 -19 443 575 -97 834 -90 508 533 -197 -361 165 -983 -683 -209 442 -114 -75 636 -147 -653 -20 249 415 898 901 -211 -812 99 434 -115 -664 -915 230 536 -932 392 470 53 474 296 400 -208 -556 -445 -375 424 117 -624 -643 512 
806 595 488 622 722 -268 746 -729 -292 686 -118 -922 209 -773 -376 738 109 -840 -823 -974 -867 469 -682 -875 551 -2 -154 -970 -616 -784 187 -53 -676 611 -254 -160 -446 849 -776 300 11 847 279 -888 636 66 -936 -17 275 -279 -447 -187 -431 372 697 819 -210 -50 933 -428 104 -692 495 -554 754 -785 -368 -373 944 168 -745 492 716 -468 -107 571 -254 -393 -25 365 603 785 -72 271 392 94 870 -89 -250 -693 684 -889 -286 -589 -743 -581 -855 568 749 690 -966 634 296 -853 -739 584 214 810 585 -222 -992 205 -994 
-627 842 227 -574 758 -7 -657 -823 955 -942 -427 -553 63 -836 520 810 301 359 -281 -780 -906 111 121 645 231 -136 304 843 -892 -770 583 -248 567 -125 126 -607 -901 452 942 144 -762 370 -743 593 -197 362 595 632 337 280 227 278 -379 931 904 695 -273 798 829 -387 962 -431 -618 -844 365 685 -577 437 59 -581 459 -570 128 601 -125 233 106 924 622 20 -116 30 967 666 223 687 112 -954 235 999 899 -469 -796 -251 -965 806 -757 -108 171 -306 -804 140 -411 -811 649 378 -432 -370 711 -977 -985 -268 -475 
751 131 -130 649 -306 720 803 494 694 -684 335 174 -215 -804 453 199 422 -205 -187 676 4 352 331 458 125 250 -18 1 356 587 901 -626 -851 418 -168 -558 -17 -634 -893 543 82 -297 124 -637 380 980 891 939 -986 709 -65 -566 833 451 -433 216 -869 977 -815 -389 -488 -712 -515 550 29 878 949 989 7 -848 499 807 795 -765 503 213 175 258 601 337 748 154 56 507 -250 -502 397 -476 -929 3 -696 906 -559 -178 952 494 814 -635 723 -466 7 0 -435 -671 -222 175 -546 -104 92 253 -457 876 107 
-284 959 704 -520 -480 18 -777 178 -724 -170 -431 -909 -984 976 -702 -464 504 372 175 429 315 -735 460 1 694 877 -320 273 741 607 824 659 -864 -375 -260 418 -276 76 548 260 -687 309 840 -315 721 359 732 -815 864 -114 -537 -153 698 -518 610 -193 -968 580 210 139 -292 574 -809 449 665 166 931 4 -258 334 -795 79 -73 -221 931 602 -75 46 676 729 -641 -812 354 995 -252 -380 229 -18 -752 572 -109 -221 267 -722 222 -562 -118 190 -623 940 -217 761 201 -955 280 -616 -826 -388 -226 -488 734 -877 571 
37 202 -180 -402 -116 -302 -286 363 369 201 534 111 -609 -755 -366 -623 888 -877 -114 999 -254 260 -823 521 -804 545 -372 276 585 994 -836 287 -645 -747 975 457 -958 -661 636 309 302 -964 838 -26 -767 -301 -318 924 368 -929 428 199 460 622 95 919 656 193 681 -487 695 -936 -925 -394 -582 551 742 464 -182 -204 -660 -906 -710 13 -287 -849 -963 -743 -927 569 -634 71 -616 -885 824 -161 722 486 -960 426 -769 799 -242 919 341 447 221 -402 49 -573 67 -991 -212 275 658 697 -362 430 -138 -203 49 416 -615 
134 -497 733 -256 -785 -82 -597 -302 -468 166 -471 -182 -160 -965 -853 -850 518 -981 739 -198 258 475 -323 -452 -441 186 -618 -240 156 845 279 -486 368 182 978 631 855 678 -437 274 -739 886 541 -349 -14 -886 11 -431 -460 543 102 553 -476 756 -480 -407 -141 415 258 570 -892 829 857 826 -460 581 -467 -174 376 919 -893 136 -648 513 -835 258 -972 -795 472 227 -635 882 -348 -306 -136 -528 -312 641 -725 691 761 -635 -494 563 860 925 548 703 683 -625 -979 -183 266 -175 -598 964 -476 65 -149 -245 176 -853 304 
-873 391 -128 -316 101 -954 687 580 616 891 -649 19 -277 -170 -79 -25 112 -636 -233 -773 680 482 928 -276 145 -782 157 736 -736 -649 -195 781 -33 -184 240 -594 471 -366 900 -737 -891 -326 -337 932 71 -151 443 -857 -792 355 114 -419 -948 405 -870 -415 -551 -690 973 -367 -70 636 505 -86 626 823 -684 637 -722 -563 875 -484 -57 973 697 571 319 -429 563 75 304 -590 -170 -695 -123 268 -809 -142 -536 28 800 464 -626 360 839 -19 248 955 449 933 -360 973 67 -843 800 185 -250 379 420 839 355 -807 508 
811 14 206 -797 -858 980 590 -835 764 405 -309 169 540 439 503 -366 -763 -170 587 715 524 915 -331 -509 431 834 -448 -623 795 700 -814 -611 389 893 950 -841 677 246 402 -839 531 -287 -819 -516 126 465 139 265 539 69 -827 -337 -951 -763 -991 790 490 -896 -239 -90 110 -277 -421 -221 -390 560 439 61 -759 -314 -651 -782 748 759 615 724 -733 112 920 470 482 -154 112 553 -240 695 750 912 -692 -521 -78 -340 -365 366 -335 -354 -419 414 954 -214 755 838 19 -749 -483 -141 -802 -751 837 -423 218 533 -182 
960 -155 307 324 -999 408 141 5 -985 -242 -598 -479 676 347 -818 -796 -540 -366 438 721 840 432 -661 211 -761 377 365 -370 643 80 -511 -495 743 -258 -478 663 -257 536 -110 -333 202 -722 630 925 104 -865 835 -508 -576 -404 369 932 599 -369 -523 827 -927 790 -737 912 494 782 -397 634 -668 970 606 -57 265 -621 -167 466 22 355 55 -151 -783 189 -160 -409 533 986 179 137 527 -884 -336 962 550 -263 1000 -648 78 -278 411 700 509 961 526 -279 384 -959 479 789 -240 -884 154 -500 -569 -315 996 -527 548 
978 -455 386 612 -777 -435 -89 226 620 643 -438 386 358 -848 957 71 -234 869 287 -143 -79 -373 -220 -86 388 -35 -63 -118 762 492 -44 988 -306 -784 -306 -148 -544 514 298 -20 -573 430 -559 -583 -869 -188 -567 -836 -38 -668 -193 -316 158 864 -146 -933 -383 705 -499 885 62 -203 23 -720 802 -183 -793 -93 -586 755 618 -577 -105 -206 -96 -308 -367 449 739 -98 450 -473 593 -792 282 407 -758 401 -491 425 647 -859 -704 -641 -513 -668 -727 490 -428 -580 207 14 232 952 -981 -445 955 -326 260 -100 -923 138 -950 
-168 -313 282 -748 88 -402 -106 -859 407 -356 93 -249 -180 605 273 782 -207 435 -782 -682 207 -341 185 -255 -934 92 -587 441 243 -376 417 -929 -807 -575 -428 -362 442 -357 -408 -921 535 273 723 -87 804 12 -137 499 712 804 -156 -211 -93 -348 444 -358 620 -454 447 -767 -878 -620 310 -501 -627 301 -349 -949 921 340 -406 813 -872 -681 944 -551 286 -731 -518 995 -89 24 -982 -47 -344 -384 174 -906 -496 939 210 775 751 948 913 -250 -30 -697 -367 -910 785 -551 -501 -91 716 203 -264 55 -278 -174 729 -738 192 
998 500 976 542 650 -819 961 666 308 514 -901 -647 -934 965 298 -192 51 -951 -312 34 795 -67 260 2 -434 150 333 -66 458 825 -490 -335 225 -435 -741 577 -224 646 289 -230 527 12 557 -921 467 -858 437 -781 904 25 790 -438 315 493 -175 -299 -200 -101 -793 696 523 -149 694 -817 -613 -327 -368 37 -658 796 -230 -839 -721 560 -42 827 618 -281 -785 -172 -847 190 605 908 909 -557 327 -649 119 573 808 -625 -786 -768 454 -327 771 8 -963 770 879 124 130 -706 698 231 -852 -121 -316 157 -417 -131 -833 
-559 847 -25 500 -530 -441 -964 739 867 30 -226 621 142 333 458 -167 14 -179 769 204 399 656 -543 62 -300 25 -186 693 -491 -23 -706 -578 769 119 -223 -179 -645 879 -519 -210 -821 -795 -974 591 38 -895 386 -511 -194 -215 -361 733 209 569 -988 352 -961 101 496 -416 -138 -365 -611 916 -779 -166 -571 -708 271 121 261 -863 841 -614 486 363 963 782 -85 -508 208 -835 983 -533 322 -907 553 630 -723 868 611 512 267 550 777 -791 791 985 972 -458 930 -587 82 123 -339 777 824 516 97 798 739 -114 -896 
-73 -149 505 865 730 -566 440 -457 -720 683 90 247 -48 808 -707 -728 212 520 882 -553 983 -244 -913 -733 832 -770 -571 -83 -368 865 -225 900 -231 503 138 -576 -359 284 121 179 7 973 329 395 733 -346 -899 -277 -861 -422 -498 -643 -704 550 32 195 -858 -757 817 912 285 -390 222 -739 793 891 140 -374 -861 -68 548 -423 91 -284 -518 -514 676 647 672 620 -611 -920 -263 -617 -801 680 639 -528 594 -431 -891 -108 -739 517 299 501 556 -635 -17 357 160 436 -678 -808 -448 671 154 -465 649 -552 -704 648 -725 
-146 778 242 -784 -844 -547 594 -901 40 230 574 -699 140 503 -822 -944 225 -663 -991 611 -827 -38 129 -987 -697 133 950 -338 -908 72 -909 504 -739 -240 701 833 963 575 617 -856 185 -238 -125 908 -369 739 49 -563 854 743 -608 71 888 94 -473 -218 -703 -863 -39 679 411 917 -814 -53 -36 -255 471 -770 326 4 201 -710 -806 383 395 452 926 -653 944 -641 -721 423 974 681 -858 866 149 841 -426 -954 180 -905 117 -141 -787 767 -791 528 -686 893 430 519 -664 -796 -475 -935 652 15 -684 -599 734 -992 973 
5 -865 216 -952 876 251 -182 -994 -855 -665 707 -134 -220 -505 -969 534 460 651 -5 -522 -320 959 -554 262 -257 315 -585 -753 551 149 449 393 657 -480 -479 758 -569 929 -703 -448 -637 668 140 -952 678 -908 253 33 530 19 784 829 425 -986 623 -351 419 850 -397 -129 -643 46 -225 808 941 -408 767 -645 -954 -317 858 -14 -479 246 -957 -731 172 -431 109 -811 869 -356 267 -564 968 -520 -901 -79 726 -648 -549 226 -218 701 -603 -371 211 306 -889 -192 -109 709 -828 638 376 -563 -72 -447 -260 121 833 -152 -196 
-900 -844 -576 -363 445 -166 -886 53 94 -517 607 292 -543 -449 -398 -745 980 928 -351 933 201 -412 -230 220 286 -409 247 -827 138 -259 -947 -524 820 673 304 920 759 -725 408 920 279 862 -498 870 904 -382 570 -212 3 -154 467 -778 717 468 715 -168 -182 609 90 682 -546 -497 -1 -663 869 746 687 -985 -90 -605 -787 505 -931 -756 -993 -12 -303 644 -578 -697 -192 -682 664 389 -546 168 64 69 -429 -5 41 673 -941 878 702 402 -285 -377 -352 -741 -735 638 -296 -416 415 -917 753 885 -196 623 -855 -60 143 
-73 334 317 520 -180 -185 243 -366 -706 542 -783 -601 -120 -150 -920 -362 -772 -607 -181 -932 -534 -799 -287 555 -226 743 318 357 640 660 156 -789 -565 281 920 440 -128 51 560 -861 -792 -888 -88 -374 285 -699 -449 -54 111 113 914 742 -948 689 -585 264 -222 -707 -49 745 -190 422 -860 -893 -874 -444 99 -486 635 13 327 -516 -134 615 128 -504 -13 -698 930 226 716 230 -95 -456 -22 329 -195 422 991 -652 727 808 845 -851 825 -966 -800 -922 -585 986 -172 162 975 -167 110 560 930 -260 -119 402 -69 -365 818 
46 824 -216 -753 -398 521 -126 473 693 654 -242 77 -967 372 -377 -134 287 -337 419 -982 -929 -149 -135 210 665 795 739 -186 212 613 -356 -276 -838 711 -963 190 -257 -518 196 325 -116 3 -674 708 -872 -38 942 444 140 -720 -978 -695 -597 377 -249 834 607 662 -100 316 698 284 -192 -180 120 556 -359 -686 519 -2 128 202 197 268 350 -621 -229 108 920 -301 -91 283 -57 -152 84 -95 -680 578 360 -86 78 -901 173 978 -527 86 600 -363 811 -313 802 137 -585 380 -541 821 -942 314 197 181 -724 26 710 
-955 240 -932 811 208 -117 -475 -985 208 239 801 -314 -656 -178 627 -166 767 -729 -248 -300 -304 -525 969 -600 -879 751 -466 235 -943 -782 338 161 586 313 479 -80 -720 642 134 -324 935 910 970 -745 -955 -469 -534 -607 872 -863 756 626 215 115 -247 -195 745 81 377 156 -922 -866 520 -179 711 298 -141 391 298 243 485 971 813 690 200 -343 536 -2 96 -309 -552 586 984 753 -662 -179 146 -477 -773 -271 -57 -880 -371 -330 -367 816 712 -809 175 -699 591 168 116 936 330 922 23 -201 -431 980 279 188 249 
-871 -774 435 -198 -671 227 -34 649 278 453 614 654 -128 855 -276 -784 958 -420 911 679 -261 852 -360 917 -591 484 375 -649 123 838 686 -215 570 392 -245 844 -748 -235 -549 -351 432 965 -223 -610 -952 -256 -936 756 -878 834 -627 -822 869 -807 704 196 207 262 -840 685 -378 152 -947 -15 -955 839 64 523 236 -82 -341 687 40 161 923 -95 -387 966 741 948 -909 -426 -772 192 -288 -267 -351 -756 -205 -88 145 327 224 -135 -493 -669 -728 176 909 -56 -729 -613 57 -523 597 -63 -497 -561 876 -542 548 128 488 
114 -410 7 87 639 -596 876 -949 729 379 -323 -967 -476 -310 -747 -509 -325 -963 135 -418 907 493 -932 -14 -809 520 370 128 756 479 56 829 -606 -856 669 -883 -181 538 374 -207 -571 -692 -872 -257 38 -490 -212 -915 20 538 -303 -986 -951 -478 608 -329 -853 685 823 360 -25 177 629 -937 -815 -337 -93 239 -282 -445 834 -228 -180 -546 -660 612 -706 399 -297 -627 619 -839 445 257 709 406 435 441 -359 -520 889 12 702 -180 -348 -603 819 990 -739 625 -92 466 883 214 -680 226 -312 968 569 -952 114 892 676 
901 -743 626 575 45 -802 331 426 -730 -529 618 461 -571 387 -770 152 -395 712 -947 -312 -838 854 -547 -231 676 -482 -626 -396 468 279 688 -238 -153 555 179 869 -49 -761 -667 530 948 268 109 316 822 -459 365 -997 -828 369 -778 -246 949 -727 533 420 -454 -849 -42 -722 -234 596 781 -566 822 -29 -224 -968 157 691 -624 -798 -702 227 -929 145 -991 -958 -371 -371 -329 -416 216 -599 -362 363 -246 488 467 461 -817 -723 -65 -103 588 -978 -236 268 10 -159 -550 989 -139 -296 35 -463 -246 -701 311 -379 -676 101 893 
-396 776 -315 417 562 -521 -483 -72 764 273 -358 -916 887 -753 -400 563 722 698 -40 414 308 10 98 343 -269 418 -429 -602 -930 603 140 -334 -869 305 286 304 -836 717 282 -859 -940 -413 62 -274 -297 -320 345 943 642 398 830 174 323 -106 -402 -124 765 -964 -865 452 50 293 -982 -762 774 13 380 690 -82 240 -62 145 49 -487 829 -959 115 819 281 932 -396 167 696 939 96 607 494 367 -678 -835 798 426 857 -734 -847 70 -795 853 -425 -131 106 225 858 215 -313 225 -425 513 -278 -313 -989 969 -934 
316 850 -584 -707 369 -947 205 830 353 125 446 -701 -409 -89 -464 988 795 -29 -369 636 -221 454 -314 334 690 994 -210 -136 933 877 -532 -37 -272 569 887 7 566 4 785 934 521 -609 506 308 511 -971 -438 -177 510 -352 -351 -1 774 729 -994 -399 -142 -171 -297 -774 484 910 -6 456 -271 462 16 653 -690 853 -979 869 483 713 424 -201 -167 -650 -905 418 -793 644 91 827 -974 164 959 257 269 389 263 -372 558 -234 117 750 616 572 433 536 34 -203 579 -668 377 -290 158 413 594 -887 -385 -817 -287 
66 6 -877 756 868 -544 460 346 -610 -225 -847 -797 -622 -316 -825 86 -888 384 83 -184 77 146 55 -908 413 -834 994 998 -103 -586 596 -362 320 533 591 111 710 -960 -391 -795 483 -805 611 197 -73 -886 640 66 -543 825 -958 -529 -949 -571 -507 -863 -583 924 -214 908 -822 -668 -956 -399 847 741 88 204 412 286 997 -359 172 898 -451 -84 -378 507 -940 -410 -192 -697 102 174 23 -695 -738 -859 -684 -900 721 794 -502 -386 576 -789 -27 -700 -51 -530 848 151 864 585 632 -66 228 -70 921 -969 -391 -308 -548 
468 -860 522 413 759 581 600 159 -353 867 -629 -940 452 -339 32 483 -801 85 -959 -66 231 -306 181 987 321 310 -679 -143 -577 -758 -939 -885 877 482 297 52 291 -590 216 31 -1 -836 -245 850 273 -908 772 -912 -410 124 -3 163 -27 -353 -243 689 971 56 -379 -21 -472 130 62 -698 -200 175 -887 -449 -83 31 60 793 624 -117 -424 755 70 529 -958 471 -806 -509 -73 -762 858 -330 886 349 9 -397 -54 15 -424 763 -2 920 -373 -169 -96 796 -620 954 -784 207 -71 -585 -615 -645 -640 -307 888 820 771 
-762 -261 -656 553 -60 906 783 -904 -881 -160 541 330 299 51 -741 -697 246 -460 712 26 -276 -42 450 -666 969 -879 -790 -538 56 -733 -9 676 -615 -621 302 -540 -109 306 848 -577 399 -228 544 639 -129 -587 -244 275 -613 -577 898 482 -875 -888 -575 -426 -605 -223 -173 576 -115 865 676 -905 533 672 -112 804 -961 121 -84 -925 -486 344 736 -527 495 -126 -411 -499 665 -190 -11 -430 -684 -831 637 -656 674 83 318 551 -615 774 200 -60 -350 465 346 359 98 -175 366 -844 783 500 8 -273 -446 -149 -732 -99 -524 
-181 962 -62 -216 705 271 -101 78 911 -9 -900 -838 -711 -692 -740 -126 45 -569 -252 -834 -647 -56 -558 204 389 736 717 694 -730 -541 114 -627 502 -988 211 -386 -426 -482 383 -53 174 727 450 -111 -419 8 -780 294 -751 -497 -62 93 -531 73 381 721 -652 12 151 -9 667 689 226 -542 -300 669 425 331 -860 383 12 382 -418 965 463 608 876 -640 -764 969 -545 -449 -934 601 281 571 475 -751 979 918 -287 507 190 947 692 -502 55 -649 310 -274 624 -292 641 851 203 -659 -480 132 638 80 -732 -920 -450 
962 667 735 -521 -805 648 -616 -211 641 -615 -231 -26 -382 -704 966 872 905 231 681 -480 -171 -557 -143 22 -406 416 984 -839 -922 -966 433 -243 -230 -302 -255 684 -547 -870 999 62 733 -119 -910 -733 -335 150 693 867 30 966 818 -533 552 283 -64 379 83 -664 -17 -636 -81 -105 -123 -668 -591 427 24 656 754 -169 382 227 149 861 -486 -504 -302 623 988 82 350 831 64 -117 -492 145 634 342 539 69 -192 417 -864 -7 473 -346 -557 532 906 27 527 -560 -480 690 -900 -187 -460 74 -472 835 -224 566 873 
-736 -484 983 716 317 538 -264 198 -184 -298 -878 12 -171 625 -177 158 606 848 -225 438 981 318 -85 295 -748 304 -841 851 -784 -521 808 -225 719 957 390 -1000 286 -134 820 333 246 411 907 295 772 481 688 451 -605 -480 -871 85 -551 -87 991 -71 -336 -28 -601 790 820 -337 -232 -541 -774 127 870 348 -449 -760 429 429 -235 -762 -202 298 -46 536 292 -171 498 670 -348 627 827 244 967 269 922 -782 97 260 -277 -277 716 -850 519 -622 -383 603 -678 -682 782 -964 412 -405 217 -162 545 645 335 -453 891 
870 801 -755 992 209 -690 837 -521 -691 221 -647 -27 -546 459 40 32 -728 -831 458 298 -121 -542 -91 650 -988 998 -579 -102 940 -133 -340 160 -880 -577 409 405 440 36 -69 -731 -904 -536 549 -180 -577 -41 638 -6 -756 -770 8 -834 81 -797 -58 772 -771 -73 588 -248 -865 -874 180 -581 523 -775 -949 332 158 5 924 596 -237 -186 -355 284 -254 -620 -643 147 20 -907 535 906 874 506 -759 -457 830 525 -503 -511 332 -934 986 614 601 -22 -104 -200 -231 519 459 -457 -20 -40 -414 190 588 167 848 910 476 
-254 258 -139 895 534 274 -713 792 -562 -719 121 -583 -138 734 454 -19 719 373 -45 574 -309 -758 -144 572 -817 480 -722 271 -504 891 -590 -608 -102 235 7 -904 -586 -265 36 -379 -984 -162 105 472 -803 922 -84 -468 -664 745 -912 164 -108 -163 699 629 120 -987 332 416 -385 380 -291 504 809 -990 584 -752 -375 -555 536 40 -707 -478 -389 775 803 -484 992 -955 -416 374 -226 183 -349 -51 -583 112 207 -287 -762 -133 958 47 522 200 916 348 -472 933 956 -136 -223 92 230 20 557 -589 -653 -766 -835 444 -329 
-126 662 301 811 730 466 -553 927 -989 -795 825 -635 -382 -15 -358 937 747 -521 788 246 -546 33 -439 -199 -761 988 484 -953 -617 -839 842 -923 -479 -482 -383 -357 -823 509 73 836 -804 -637 80 639 718 466 75 -865 -475 -331 82 -452 278 -829 359 -867 816 408 459 -165 -17 575 428 48 -71 682 541 -184 178 -251 548 -478 -793 802 400 769 -113 735 135 -111 419 820 -162 -446 510 399 -620 979 -809 575 359 -655 -931 -398 819 524 -680 -111 451 263 -921 625 -207 -538 -987 -318 59 207 185 939 -537 462 91 
253 382 343 430 -268 -522 806 -754 49 332 888 -210 -388 629 242 851 -649 -490 -455 11 -842 -342 -560 -64 -905 334 -909 12 894 831 -36 -645 -726 948 178 -76 -43 282 824 616 -790 -647 299 -829 468 -884 885 -576 427 -771 992 -677 118 657 -703 875 814 -139 853 55 -539 80 -821 -122 23 618 91 488 -970 15 300 468 14 -20 344 -696 978 600 429 -872 447 -925 -727 236 766 -473 569 -939 -844 588 -277 875 -963 -407 -814 130 -73 215 -899 -331 -500 328 -570 -1 -694 -926 -92 -9 -236 898 283 -459 -838 
637 2 803 -234 216 983 -633 551 329 -675 -9 -504 470 -725 678 -703 -409 428 -586 -476 -26 -900 407 375 -555 926 3 712 376 -961 577 348 392 984 415 438 633 198 359 512 117 689 -6 -521 -574 -690 377 813 297 -348 667 953 -281 627 -660 731 724 637 392 -220 -699 -825 114 959 619 -690 -432 -538 -979 524 886 -550 170 -99 706 -534 93 -464 -251 -945 -486 546 -594 -360 934 742 -711 -771 -895 601 -18 -240 461 223 -945 374 359 875 -970 949 -721 -687 -299 591 -391 -917 -557 -575 -755 721 110 58 965 
-429 305 -335 -753 -759 216 -429 -754 -917 885 -732 -640 -272 -545 -557 -991 -691 -357 812 -843 -479 -677 363 -930 380 887 880 684 -645 -450 -924 890 429 201 -640 -183 -606 14 325 -190 97 417 621 -654 -26 320 -192 -335 -243 403 296 -568 -639 562 500 -967 -866 -745 367 361 923 -120 84 544 419 598 -735 -535 347 547 -159 -767 -59 -648 274 746 945 723 -631 -884 -747 -294 177 -704 919 621 767 806 752 766 -335 15 -141 831 -453 744 -728 -738 88 535 -348 -227 -690 942 -396 -644 971 -272 -493 -188 641 703 400 
209 -580 112 552 451 237 248 634 -326 199 -817 494 -352 414 895 -361 -122 -31 24 60 -163 -942 -29 -470 521 248 258 -498 -951 -713 278 953 465 103 557 -715 908 -101 593 203 806 664 365 814 507 753 423 952 -873 -864 -822 -576 404 -840 111 545 -460 201 -637 718 -241 538 551 -861 -423 -755 -138 415 150 -943 -814 -146 627 -830 941 901 -44 -62 -646 39 -482 58 -708 -98 -617 523 551 -676 301 424 -4 -526 -444 -446 593 406 -919 -174 422 -589 153 -919 -309 697 -761 -591 551 878 801 -719 -893 290 -834 
728 -343 638 -228 36 -347 -699 863 -220 -341 644 215 972 147 572 -797 -106 -331 500 637 -124 -59 921 233 -173 -842 279 918 808 -526 -159 -371 -505 760 -135 -933 479 -630 -861 -840 -778 707 -189 672 990 900 -320 -76 613 -539 -877 202 676 321 -464 -754 -879 -944 -952 131 305 806 506 -939 460 745 -369 343 -486 506 547 -407 546 -780 -277 -893 825 -481 -250 -560 70 675 -567 -395 -126 532 -509 558 -912 -480 -858 -510 -680 -825 973 651 -26 -958 905 -588 -113 -66 58 982 70 426 134 -338 -344 -548 -946 -396 703 
64 -739 76 -407 -394 336 152 -875 -156 480 831 -902 -427 228 390 769 702 38 967 335 -989 -932 -140 -760 356 23 -729 -122 -970 701 485 -864 -539 480 48 117 -961 -127 847 411 -150 213 791 540 493 986 -844 -376 -485 -807 754 -439 531 -559 -162 690 -35 -443 684 742 362 -210 876 -471 304 522 854 941 785 32 -807 571 72 -60 130 -65 -954 -640 589 980 -409 -1000 586 60 -943 629 707 981 142 183 -91 61 39 -349 242 -682 895 953 902 834 -754 -679 495 -936 -427 491 -598 837 65 -972 602 740 -10 
867 428 -630 332 183 -562 -845 -426 218 -570 -875 -58 732 163 -95 786 -767 160 595 66 -787 -766 -593 -341 544 -801 358 -890 -504 -612 594 -69 963 -948 -5 544 -542 -601 -454 -933 -81 -654 996 7 -805 -839 619 -446 -973 -911 781 653 590 -516 883 997 -530 869 -241 491 196 -175 -263 -231 -101 224 -596 268 -787 575 239 862 -560 338 299 781 617 381 -638 -935 -633 -961 353 -246 820 810 780 640 342 679 173 258 470 707 118 -726 489 -528 739 574 919 -365 105 733 -840 355 744 -73 -838 -995 438 563 -494 
-626 -309 778 27 906 -108 468 568 163 172 35 -917 -458 -671 -958 -406 -998 -248 624 209 427 -592 -349 -493 9 -163 519 -968 741 967 -840 792 -219 -498 972 162 282 -693 59 461 -709 -354 540 948 151 927 -829 -294 27 777 -992 568 -890 4 -869 461 847 -257 977 -918 48 13 815 -10 -295 -489 693 574 687 -970 507 288 525 762 -26 748 -540 913 -53 223 589 523 -896 687 -669 -599 -57 138 -19 -970 -496 -836 241 893 -318 -115 -23 -818 -172 -767 312 981 471 780 -62 964 686 322 -897 -2 676 -472 19 
275 -322 315 -463 731 149 977 -759 -991 494 -805 -309 101 -436 -337 -200 -244 -488 -92 -595 -906 430 -149 -827 -239 -35 469 -701 -428 345 318 -428 540 -53 593 -853 -807 816 -184 834 -972 947 750 -688 863 -875 -458 -174 218 499 -500 872 527 -944 -556 292 365 167 926 654 615 -491 384 305 905 564 -268 214 -161 378 -439 69 162 835 -774 587 -525 -235 -215 -649 -529 843 -778 844 518 562 -629 862 -620 396 90 168 805 -491 290 -250 585 -482 -205 260 178 -544 -853 480 234 -110 49 -240 -848 -747 -29 -531 328 
-162 -821 -783 144 -516 -821 675 -643 256 -581 -858 20 258 263 879 679 461 -736 805 -765 612 -911 -27 479 -595 -87 -739 989 32 372 445 100 -307 14 -804 342 -506 928 -195 867 -903 -478 -512 -343 -657 -908 680 843 -620 -128 909 -387 -779 828 124 172 685 -67 -777 -106 -430 144 -54 -284 -808 352 271 8 24 -569 479 464 152 274 -379 432 -540 829 -669 391 690 83 438 199 -530 798 475 -572 201 166 403 -445 -513 -19 205 -629 805 717 -862 -893 -105 -712 237 -645 790 241 -626 288 -899 181 752 828 717 
-767 621 -188 -631 -915 -56 -918 -123 -332 326 -723 -703 -20 -995 998 920 -110 69 -392 -475 -38 81 -829 -699 374 231 716 -754 275 -98 976 -760 -131 311 -479 415 462 -799 -567 905 -898 466 -797 78 944 898 958 643 -972 934 229 467 385 703 848 151 -795 -368 753 -644 -218 -73 -845 618 -239 339 436 862 -803 -382 293 899 888 -653 -475 -963 934 -410 -995 106 -779 -212 300 127 -735 -900 540 -908 317 -495 468 106 49 909 -667 -219 -787 850 -796 -961 -858 512 417 280 -661 -925 941 -14 284 707 787 -225 -945 
-874 96 318 375 -644 251 -989 -359 -661 402 -501 -399 -588 898 -291 -748 313 -979 972 -685 -338 -772 -70 651 -240 -203 -94 -716 -518 514 -597 -773 -954 -848 -786 492 492 -650 -966 103 270 -202 -980 787 -632 831 536 798 -606 -512 -375 -894 298 -76 -40 923 -185 918 -194 116 8 370 -548 837 790 592 -68 970 -756 395 856 521 -615 -580 487 752 56 -735 62 -562 582 905 31 842 769 -417 113 -699 987 -125 639 187 -839 -717 480 -519 57 -654 626 -358 399 242 -564 -489 -742 -680 -570 -414 0 802 -405 910 -266 
405 116 774 -385 214 71 15 -466 19 -778 224 207 -486 709 -585 -909 -230 33 982 -232 687 -892 80 -863 954 -6 970 364 -543 297 -295 451 207 -666 211 386 136 -361 673 398 -35 679 934 -905 -726 -87 431 38 395 -820 366 -697 920 -7 -981 -159 500 202 -320 436 534 670 586 -263 -150 627 248 670 -3 370 470 -258 -3 196 809 -250 -706 -351 -469 -889 526 -660 877 855 656 816 945 678 -703 440 651 546 176 413 508 -924 647 619 90 -118 -499 567 850 -224 859 -217 669 878 204 124 666 981 544 
205 981 920 1 -325 288 709 -774 200 -886 568 640 955 885 -1 171 210 833 748 -52 -573 -155 -294 -280 -110 324 598 653 251 214 -116 305 -6 323 324 148 -656 246 950 764 -611 269 -720 -267 -651 -632 418 -41 321 -62 817 -621 -34 -14 -262 730 -30 96 -443 -32 157 -377 32 937 -589 -88 -696 -554 669 108 -28 -926 -29 892 10 -233 -749 11 -477 -486 -987 363 739 513 -22 689 -822 17 -415 79 77 -647 391 -243 647 -720 607 -495 418 -468 -784 202 -538 -775 -661 621 883 698 416 918 -400 -661 -685 
-582 -755 -963 -435 509 -724 -485 -962 34 561 -283 -153 81 -279 58 443 355 933 237 -472 -445 182 290 715 404 -751 -160 455 946 -657 694 -467 558 823 -159 -112 374 -834 -132 -51 -251 13 -579 395 -948 -188 -301 -628 953 -347 -29 -529 -539 22 -837 -492 -166 -451 -361 192 -476 415 238 -711 -199 -543 -558 -313 872 -36 -925 -630 -994 -989 -769 113 363 524 -485 -942 -255 764 -696 -292 711 -542 151 431 553 -516 200 -210 131 -128 -704 -264 524 252 -361 349 -511 -905 409 -603 -466 210 852 980 940 -677 -326 -777 -967 
-740 -87 -44 589 860 -66 -557 -18 804 -421 -104 -858 -987 -956 28 357 -237 202 -559 -62 408 -343 89 243 913 963 -99 304 -377 -550 529 244 -443 129 324 291 -928 -683 566 -244 600 -346 -961 -761 -873 -190 -584 -25 -409 758 427 -172 -940 19 249 213 -832 -345 342 578 279 25 986 792 623 -375 -363 -990 123 -971 919 254 -379 56 -158 16 125 426 -364 -210 -832 692 399 -365 -818 -716 -250 -162 911 -935 -48 -574 169 -647 -3 -37 -306 -299 935 -359 -867 -532 426 188 804 -290 -199 798 -269 -723 698 774 -725 
141 -704 847 -294 233 -302 99 617 -534 144 -813 -527 988 176 979 -955 340 512 51 546 668 -889 221 501 -690 118 -414 -318 -519 577 -441 -436 952 -9 -636 -629 201 -920 -810 737 -277 -877 290 614 101 550 816 -558 714 -58 -170 -952 -161 -121 540 -634 700 784 818 957 423 444 619 512 224 -386 828 -878 -756 974 -209 -551 -355 -35 460 -329 -319 -623 78 566 -871 -2 -459 -256 54 634 -817 608 517 -360 836 555 221 -794 -16 -943 526 391 -745 -369 -484 342 708 37 296 394 306 -905 -310 135 576 409 570 
439 -827 502 -348 -172 399 -549 524 537 70 -682 -449 -960 -930 596 -920 196 347 -198 -424 -123 -136 -582 -782 867 -54 723 65 781 430 -216 234 822 121 -417 -453 617 -578 204 21 36 183 -128 -910 389 -516 -164 110 -438 -829 -251 135 980 349 -341 -163 -646 591 194 207 446 -402 861 -873 -485 457 -677 700 9 -681 699 82 -22 -52 136 718 -904 -495 658 885 272 235 2 -776 -376 97 -221 394 606 639 -944 -286 262 323 -23 879 -210 839 -705 386 821 -121 774 -997 239 -510 936 681 -694 -416 -942 414 -656 
-883 292 -153 688 491 465 616 -933 -992 -237 11 -318 145 -564 115 922 -505 -79 -12 -981 510 -536 562 277 185 227 405 353 -359 -164 -858 -872 281 948 837 -778 145 820 903 533 -624 728 57 -508 955 327 -978 -55 -214 -829 -263 -299 7 874 -581 302 -884 -191 -110 -572 45 -461 -297 -438 777 344 454 99 -354 301 12 -592 408 623 -597 17 575 669 104 542 -523 -877 -785 -940 -338 507 367 -958 420 -125 -555 -910 72 238 -614 183 -78 -64 323 -701 268 -518 62 903 -616 -14 238 -790 344 683 -673 -283 180 
481 -667 919 -181 -729 -289 815 764 -635 -114 -751 -106 -379 -981 -917 -727 0 -358 567 602 592 844 -797 -825 101 -315 477 952 -322 -169 -948 824 935 262 -718 -232 477 283 -332 -362 -676 -800 -559 281 811 -268 857 303 -871 -933 754 419 280 24 402 695 471 -864 184 895 -411 -659 -371 -574 741 723 937 889 -468 -744 -825 -681 -956 -339 -246 322 -752 802 965 -94 269 -650 52 411 -84 -753 703 9 70 373 -518 430 -76 -612 113 -949 803 -143 -933 634 -618 -730 -28 187 823 -985 -169 119 279 -957 438 -467 820 
-993 -974 -849 401 118 -540 -700 103 515 913 -205 989 -563 -760 -203 238 399 499 -134 -831 551 -412 944 829 34 -5 -859 -883 -702 -600 -23 -239 -71 96 12 -788 746 347 610 239 -591 352 966 -290 303 -418 665 403 -928 -53 -432 -173 -769 307 -650 -205 578 -645 788 -939 -393 763 -998 41 222 737 671 567 588 -123 217 502 162 -710 315 -938 799 857 -975 10 -751 -483 -448 178 -980 -531 -93 -870 375 -208 30 522 -899 -739 -809 -235 -214 976 -310 -985 -452 -494 -441 -866 590 638 -105 959 -158 -818 973 444 -131 
-301 -587 404 -551 -53 -366 -343 15 -86 -878 133 -690 -276 18 -63 -89 -940 -835 787 -143 -10 -737 -72 337 361 228 92 780 -296 -676 -595 333 -34 4 -675 505 -262 -966 290 -544 -655 -727 -592 106 -546 561 545 629 -123 -232 -509 269 618 221 751 230 435 -484 128 396 306 -143 -831 -351 300 -570 633 459 140 925 -482 473 850 254 53 808 39 938 470 384 722 116 448 -209 -373 -19 29 -363 -206 906 517 -27 -196 -304 568 -352 -595 -334 147 -686 188 286 142 -41 -797 -786 822 687 395 587 875 471 138 
-497 990 -703 -322 -607 996 -539 856 538 816 693 892 -588 982 57 -972 873 60 7 953 400 513 -144 96 -928 -640 965 700 137 272 797 623 -526 -513 -633 416 500 115 637 -400 31 -498 80 -118 728 -493 -986 998 978 -419 -162 832 -350 -336 5 -962 66 -240 -620 -317 -71 992 -537 775 376 487 -189 836 -260 250 -393 -265 -925 -836 -824 600 -564 146 785 950 706 -484 -355 105 907 890 733 594 952 -519 -890 983 -353 3 -250 -799 -789 353 -640 604 463 -697 159 476 382 -335 -157 -14 355 -850 929 799 -313 
-315 687 -87 150 325 809 153 659 867 -350 -389 -253 -977 -803 302 146 670 -916 210 185 -937 -984 -727 125 -290 -861 -507 559 523 619 393 856 626 -228 -620 -734 333 320 487 -962 3 793 -695 224 917 554 595 -645 386 -216 -402 288 -431 -948 821 -646 -981 -972 260 -380 994 -13 575 -663 450 -503 -577 -277 361 -169 713 242 36 116 -62 370 -101 -466 -231 -720 -183 478 961 -619 -547 -170 -75 -264 957 -204 -199 459 981 131 -935 577 812 39 373 768 268 -239 -86 -537 -785 -911 328 702 -15 940 44 -243 686 
-123 -67 -806 876 857 675 377 -180 -484 -859 695 -355 -302 -494 716 -832 -603 719 598 -574 834 698 -236 677 -976 -905 -773 204 929 -642 -980 261 637 -831 950 331 829 -570 -2 705 -390 290 -35 740 -100 756 579 -255 900 -73 480 -503 705 -973 547 743 -863 -869 365 579 819 -427 216 -870 -749 164 -712 157 243 758 276 537 -641 -277 -730 -103 -713 -669 -45 -969 -817 -893 689 -875 -497 906 599 949 -234 658 -778 338 48 -902 307 686 -161 -586 919 339 789 70 664 -83 -459 863 -242 382 -261 778 -699 85 -289 
125 768 990 448 447 -520 168 274 819 -806 25 531 -974 -204 -898 799 -186 710 214 532 -689 -647 160 800 961 -593 -612 235 -621 -964 -412 305 -405 -238 991 57 560 -345 561 -918 956 780 -956 984 -360 229 -693 -154 -76 901 -703 978 -79 -726 213 -763 -725 -386 -577 -241 76 -272 -780 381 -575 -802 -728 -750 1 92 232 150 16 930 391 238 640 374 521 -336 237 -647 -654 -370 -662 -556 117 333 761 -510 380 656 756 -764 -244 -63 347 -66 73 269 168 66 341 -250 -589 -859 87 -130 246 572 -863 454 852 
-313 802 547 626 -487 588 -342 -672 -759 130 12 -318 259 -882 -379 -982 -2 3 605 -389 382 728 440 229 124 -707 270 -580 -482 -564 -643 -912 454 797 139 141 512 -561 442 -196 697 438 -855 540 -604 -256 -691 315 626 -559 -72 884 82 446 -404 683 -385 78 456 -915 -186 -226 -549 -272 790 907 990 751 -356 -997 -201 -41 -289 870 286 419 -195 897 726 565 348 -379 17 -425 26 -822 348 -704 1 -797 -972 57 -910 446 -125 497 424 -852 -294 805 918 359 -276 335 829 144 -759 -794 -907 -204 -256 -800 93 
453 -77 -467 -205 -988 882 -873 963 -490 843 -211 777 837 -688 -932 839 -328 -536 255 747 7 -115 616 -967 -709 948 -447 -128 -338 441 430 748 -319 826 -550 -623 128 374 -87 307 -179 234 -495 707 -901 294 -956 148 -798 905 49 450 -774 913 -900 934 279 -16 -373 583 919 888 -933 517 292 346 868 -875 761 -97 -218 129 183 892 -677 -243 -279 170 945 277 -537 -355 -369 389 494 448 856 421 633 1 294 -468 -581 575 -958 496 930 -115 -442 -448 81 -106 83 -198 214 -871 -808 466 233 789 848 970 173 
217 501 -9 -780 13 -12 -275 504 270 316 -671 617 500 258 -960 -678 -462 -451 712 -567 48 426 883 216 478 277 -510 -8 -248 -432 114 957 -474 351 -612 102 -768 328 -882 372 -388 682 597 503 666 -838 -641 766 -305 -174 -753 397 708 -887 623 -694 -894 -436 -845 34 995 510 -969 596 -578 243 -344 -459 887 695 -948 535 147 -663 -38 328 828 -634 -795 -426 -396 -709 -616 514 911 -187 201 -636 -81 745 248 743 -857 -877 461 1 225 558 -150 -727 -504 605 -451 -832 408 706 -675 -35 -193 693 673 636 706 
-566 -171 503 819 700 382 582 507 -112 266 782 -278 164 -988 685 -818 -324 -15 -925 119 -439 -988 -292 -662 -647 50 -950 -2 -498 -583 -558 644 -867 211 -90 -924 -644 -434 -532 222 473 -654 641 680 669 -966 -518 522 -192 692 121 -465 -330 761 -461 -333 -223 759 549 -359 -913 -337 230 -87 881 319 47 -296 978 673 981 180 -713 -831 -217 -447 -780 -760 553 -913 247 -770 624 230 -295 531 -987 -9 555 169 470 -114 210 -880 -953 -636 -271 -980 269 -827 239 466 -260 -840 410 832 -831 -303 -195 664 -453 -128 -940 
-817 182 576 132 -372 548 -895 -343 -87 198 345 -964 656 -546 -463 703 112 392 -528 56 626 -169 -173 949 -927 -967 457 936 705 781 -143 -314 466 -602 717 386 596 -397 930 -689 729 -309 -322 -365 -505 -655 -558 -237 -217 460 313 582 328 517 -456 -687 658 -510 -847 -186 -512 845 -3 250 452 615 869 -524 -864 83 -943 -114 272 332 924 150 249 435 -20 753 -660 424 -325 113 753 -934 -445 -627 -241 420 -435 -772 -887 -573 785 397 42 -255 -488 527 -437 785 -51 -368 -581 -490 17 844 -555 -585 -503 463 -641 
686 -32 194 434 792 26 84 485 -449 383 -280 828 965 -743 -764 -990 870 706 -596 841 -130 -25 825 9 202 -424 936 130 903 980 183 -293 -664 862 -509 796 -773 -640 -195 -100 330 -463 -500 840 -583 -839 -330 92 -986 -29 316 -911 939 -137 838 527 -658 101 -627 648 -548 -543 -471 -868 601 -795 177 -435 106 983 697 -140 -875 677 880 -926 -677 611 795 297 878 -596 -344 942 839 -670 911 839 685 -251 -959 -334 -24 -820 318 -846 -118 -104 -749 883 -681 39 -306 172 -271 -873 -903 829 132 -224 -637 32 -335 
-335 -383 770 -161 -166 -255 -849 -899 168 227 119 -475 458 -698 -937 457 -150 -623 -98 -852 453 418 33 996 -125 -645 808 -65 -489 -934 -455 -224 -60 131 280 731 5 757 966 -200 -247 -799 -716 298 -725 812 -229 645 703 -178 343 741 741 -80 466 -688 220 -76 -245 -953 -174 -265 249 298 140 -719 974 -224 -236 -50 -523 832 981 -244 458 848 -21 156 576 -510 669 -73 -724 674 856 -241 980 342 -846 740 -574 707 338 -669 -980 472 -67 -308 412 806 -272 565 -292 849 -183 749 430 677 135 -992 -753 -836 -69 
-488 359 722 -786 -397 -507 41 -807 -441 295 926 234 -487 892 -701 -18 -271 890 -510 -128 858 -194 421 184 -834 -164 -207 381 122 964 -108 -431 953 -981 -783 386 -808 -487 -607 120 -416 870 -203 -204 -933 -105 -853 -186 -214 985 -914 572 214 -481 -982 396 680 -348 -295 -267 973 66 -931 -988 794 -693 782 90 -790 -259 -511 -501 -751 831 104 763 -345 277 -314 823 -91 210 -296 -788 332 -198 285 140 -764 73 -746 -424 950 592 -630 413 179 105 -876 -865 333 -841 75 39 74 -907 509 582 -989 -395 -449 996 850 
-389 -426 117 351 365 -302 -230 567 612 -939 986 302 114 648 248 314 -227 -977 868 -145 773 -445 119 -988 241 -348 226 62 -425 377 -918 317 396 -351 -347 -226 741 111 -324 523 -656 -182 -426 936 -400 840 -970 -865 297 621 -437 835 788 408 -921 -666 108 -312 -642 669 -821 934 -421 608 -838 -762 433 -675 -165 880 270 212 946 -776 256 -383 -680 66 434 169 531 84 -636 428 639 221 -682 -339 -445 -236 987 -590 -110 -289 607 849 26 -855 -144 728 -555 -138 -214 -589 641 793 -3 -754 -567 -215 53 892 23 
-276 254 -262 -834 -293 814 -609 641 742 744 -609 -681 -809 271 -932 270 51 420 441 856 -388 -901 -182 191 771 392 353 367 504 236 -988 -674 -965 -307 138 714 44 -16 287 -531 844 895 751 616 357 294 287 535 -373 122 768 116 962 -768 -745 967 -434 -125 -724 -33 480 -664 -495 -849 281 534 -592 412 163 -128 -562 731 227 -65 498 -20 -337 -878 306 724 826 -89 -989 984 212 646 -677 -21 -730 -524 -979 -40 629 246 -419 -443 931 142 -899 -344 -213 -237 -404 -625 -439 -693 -207 -97 469 -941 77 860 674 
-886 860 -354 -198 591 -531 -880 -341 -672 -16 -289 430 -369 688 274 574 737 -260 222 -185 657 -194 -26 -54 -541 596 -314 -87 -258 779 356 -87 -756 -448 479 958 -262 481 456 550 774 -738 441 -200 -571 31 -568 -825 -873 246 -800 84 -178 994 -986 -312 594 -936 16 576 974 156 -680 -692 -691 501 77 488 635 -229 770 190 -180 973 666 151 -774 -481 500 -614 478 275 -388 -665 447 -819 357 240 -730 -537 -902 -791 878 405 232 -317 813 564 -691 84 -88 -805 -387 -618 697 97 941 49 -110 -141 -634 -951 9 
-622 598 168 688 515 574 189 -190 286 695 614 621 -217 342 -313 53 742 -107 -321 95 815 -497 5 -924 47 638 62 954 592 -46 509 -14 -544 217 495 -689 -379 -788 744 -343 626 -575 -792 -738 907 -139 354 -385 843 9 -171 649 69 681 -335 136 -793 -295 -44 441 914 -779 -9 -944 345 -705 382 788 832 155 -344 -569 -444 -851 577 -417 -783 -161 -283 -694 -398 -763 -317 500 -443 -488 336 -741 316 402 366 -311 210 774 581 650 -964 -147 543 -802 -194 -917 880 -919 8 -23 882 -995 -244 -767 -715 127 245 
-742 766 -471 -77 885 202 -627 249 975 790 465 -595 917 115 -636 841 548 -864 754 999 -10 -365 393 -354 -377 -466 -470 772 547 656 -443 260 609 -674 -64 -100 -665 -70 366 -193 381 793 697 -938 -627 -326 426 -242 -821 644 -919 669 31 -260 847 453 -300 -404 -611 398 319 934 291 -495 776 115 485 988 598 -410 933 617 973 496 544 246 620 600 -27 -253 -609 343 -878 922 -510 439 -621 -426 995 123 17 -181 996 992 -640 -857 -711 -830 -445 -312 596 -571 -368 -998 -929 957 308 934 187 -923 -706 222 -210 
234 172 -198 562 20 -309 629 -549 -711 667 355 -487 41 -332 657 -203 806 -218 93 -724 -659 -265 -387 -416 101 -44 -271 -659 -875 -677 -105 57 796 -826 186 736 42 -240 659 95 -452 -112 -384 793 996 89 587 935 -589 958 338 -45 441 462 -42 39 315 794 -126 755 -139 709 996 752 861 -441 464 585 -104 -734 862 -270 -513 820 -662 -590 -970 -145 146 -192 351 -240 -361 414 594 184 683 876 589 395 609 961 130 318 427 869 -608 -998 -362 453 -916 233 704 -300 -595 -732 14 664 -595 304 821 -847 -753 
360 607 -136 -939 -129 -580 -647 -245 -635 457 607 434 745 562 -929 789 614 -288 502 -723 986 -889 -104 -254 -502 -415 365 21 -562 215 -193 573 297 -796 -620 286 -176 830 60 17 -234 176 -289 214 -939 -543 390 -120 991 -552 -680 248 922 418 621 376 -759 461 536 -504 -846 526 -243 305 835 -621 -436 -59 262 -105 -468 -374 76 -506 702 -107 -739 777 907 -434 979 985 -30 -476 -309 821 645 194 -525 212 57 -169 173 324 608 -462 -614 907 630 366 -268 -708 -47 -311 -212 866 260 813 891 -533 969 159 713 
343 -489 298 101 738 864 590 -684 962 647 -696 122 -289 285 917 -142 -283 755 -289 -536 -504 -308 -921 -25 -426 -776 682 -88 261 877 -63 -474 -786 -683 156 -871 -417 907 -752 -75 -759 -299 342 -246 498 266 -870 243 908 291 -914 -488 -739 -113 -33 -453 851 -5 109 886 -700 599 -719 -970 -597 222 459 -474 228 -306 838 -318 280 -41 -886 -924 -649 -101 -844 829 -355 -867 -807 -533 420 -496 -157 -884 -255 -590 31 832 -55 299 -974 -685 792 -544 798 -305 -216 -982 -602 -310 713 -297 732 245 157 -329 287 -221 -980 
-269 959 -204 -612 87 753 -705 181 544 108 -784 -911 842 293 -551 939 -56 -793 -901 -367 -554 -128 -105 822 -38 965 481 -249 -624 74 799 -31 -3 578 611 -179 -555 108 137 -960 599 486 654 918 -652 240 155 777 -534 673 980 822 483 403 -473 -127 213 259 -212 279 83 -930 -924 879 59 540 973 -106 202 -314 -650 118 936 -727 368 -582 517 -61 -538 -410 120 -713 773 6 -207 566 -835 -438 -544 519 121 -732 -68 -339 -564 804 -299 672 181 -338 38 -838 807 -414 -840 -387 765 -232 177 -164 12 -497 -524 
346 554 161 -107 -344 -560 306 304 516 254 -630 -397 -548 -45 -863 -555 803 -950 866 512 602 -643 -371 617 -704 -158 622 -677 -174 -400 582 -898 -400 -852 -937 390 929 690 300 -840 287 122 -301 968 146 -212 -516 -632 -309 -327 -723 -895 783 -644 672 861 742 759 -17 -660 -865 -725 -829 -255 -467 332 -203 -358 735 389 -198 -638 -998 -245 616 506 319 -263 -232 -626 -443 352 701 -755 -895 0 -590 953 578 -232 424 -415 -903 -930 -782 -383 39 -629 990 997 -982 759 -978 235 -520 -303 172 128 349 573 101 16 -374 
57 549 135 504 877 -155 192 606 194 -434 246 151 469 -231 -277 44 -655 -476 516 -988 216 463 -634 334 529 -691 -332 -305 -85 485 409 979 -192 461 894 879 -623 6 637 538 925 604 -730 -855 280 832 -613 257 0 984 -705 -709 -512 614 -897 -952 -598 -913 260 863 321 -265 -28 26 -42 -93 -290 -179 529 697 46 900 686 317 741 -326 335 -999 770 -203 42 143 -157 -698 949 815 893 482 -794 -655 -980 -62 495 107 332 -201 612 833 -883 -625 -578 -54 176 -67 832 -686 990 572 602 -959 -102 980 -719 
666 47 984 415 553 892 -198 107 955 732 -539 117 -880 972 -168 726 -734 640 776 340 756 989 -15 -146 785 401 277 623 710 814 730 -872 328 -562 -589 413 818 347 -84 548 -703 -711 -18 -522 -822 162 -479 456 490 -515 -627 -474 765 -165 -382 292 370 617 -492 111 -497 736 -214 -207 -484 -188 633 -992 -823 330 308 16 671 727 -571 426 242 507 938 -920 347 -30 233 -222 341 -955 197 849 782 745 -712 -537 -381 351 -642 -866 831 -731 -397 859 -685 741 873 233 993 -990 890 -375 614 575 -476 207 -738 
972 948 995 247 418 304 566 -81 260 915 -756 -297 -96 507 -422 89 -889 178 210 293 212 -65 528 989 -114 -63 -680 766 44 -363 789 -567 -325 549 763 558 160 198 279 -157 366 840 25 44 423 412 959 760 241 -979 -441 -899 788 570 173 -718 -361 179 214 86 324 399 448 -88 5 -792 -424 -876 -980 495 910 -543 -45 -94 160 222 30 12 641 -333 126 132 298 -981 746 -726 -389 863 -423 109 558 691 -17 181 -153 -468 346 378 -872 -856 -717 -830 797 210 809 -49 505 -899 -172 156 -234 37 998 
777 448 421 209 264 129 827 -730 -997 -12 -924 -134 -998 951 -101 712 -455 556 72 853 -766 340 458 45 690 540 439 264 -318 254 -12 -766 -765 -454 -111 -523 391 -31 -320 226 -830 91 -39 -805 809 208 -101 356 935 99 -659 -130 -370 883 -268 -1 -490 956 749 -707 -797 -968 406 -543 -114 843 -820 -991 380 907 586 -908 393 34 978 150 -29 12 522 -482 -850 -472 908 -173 877 625 -545 569 -98 919 80 488 509 -313 580 -136 -923 734 692 712 963 -821 -960 563 38 -207 291 981 -438 -914 972 -602 -661 
-181 219 -473 -139 651 183 638 -119 828 -100 -280 607 705 -799 -456 122 145 249 -563 822 -91 -318 499 6 841 -480 859 573 -326 498 -249 755 -38 -990 657 736 -637 -553 -972 -361 233 -599 997 -201 134 892 -1 244 -204 -863 -656 602 -251 261 -542 96 277 -216 -846 410 -65 -88 -960 396 -965 -310 -346 539 616 -141 285 688 -263 54 755 394 930 -436 -407 843 32 -22 373 -252 72 -333 -971 990 -76 798 -884 478 -721 -795 -445 835 169 223 -194 13 556 236 823 -531 125 44 843 -179 441 979 550 4 -770 
-799 -441 -754 654 -115 78 793 10 736 -264 -417 -458 836 -920 -953 153 80 -467 -236 -287 120 505 505 914 974 878 735 632 934 -626 -677 106 -627 917 335 508 261 -802 209 -414 -894 607 570 330 890 155 -585 -838 876 -976 -612 67 82 399 -730 -555 650 225 -811 261 100 954 663 280 987 -171 80 -700 189 -167 532 781 -524 116 310 506 885 -324 896 -896 145 -590 413 -185 -700 864 -667 884 434 134 628 -293 307 -654 447 472 -225 454 618 768 -221 -504 225 -359 862 -27 701 -143 -867 -128 441 987 907 
-916 -740 -278 587 -338 -513 -948 491 -900 -118 551 -205 280 237 -412 -391 373 738 -333 -721 332 -518 -912 750 95 514 -463 255 -582 -282 -874 -381 -986 951 -777 58 167 558 -983 411 -156 61 -243 959 638 -892 110 -985 -207 -209 -552 997 846 -435 692 38 812 -709 -560 -366 -778 282 -343 851 389 522 792 -461 141 -643 228 718 -153 649 -994 544 -915 224 -241 -65 156 399 -62 -111 825 382 -385 -175 318 -15 -938 192 -448 577 -263 355 514 -433 470 -3 898 -618 -615 723 -737 -577 -895 -714 -836 499 -639 705 584 
-688 215 -354 -228 359 -722 -493 -841 -736 -272 513 -810 336 536 -433 757 -398 839 -149 -841 -168 1 433 183 267 321 145 29 -708 379 -135 876 381 994 -549 -429 950 -340 -448 -282 104 996 -44 -132 -570 -728 708 -731 187 -1 -758 356 -225 -33 -978 -349 -366 567 241 179 -821 -314 -793 198 -417 982 -840 -692 196 -117 -375 -97 -156 823 -259 896 -201 436 43 707 -124 -88 -691 -436 257 -321 -353 166 -906 815 449 -76 -767 -381 -873 -907 120 -636 460 284 -863 -310 678 48 -39 433 -593 843 102 -334 536 -529 513 
895 471 -815 -967 -88 461 246 -88 223 -762 -514 836 544 -933 796 -370 -810 600 787 884 681 -127 439 881 -401 -349 617 939 496 -264 -959 75 -456 430 -548 709 -572 -19 735 760 257 -644 -971 -455 201 701 328 -375 544 -739 -378 -95 -901 873 287 -180 670 961 121 990 816 -771 -493 407 120 -154 -511 798 695 632 -34 -678 291 897 -220 -581 457 -404 632 477 -419 312 90 648 -154 -854 852 -942 -65 458 -827 -669 -609 984 626 -488 596 941 -426 0 -200 -771 -177 -338 445 492 -335 -817 568 819 766 -426 -747 
500 -57 -964 -392 169 973 720 -536 -642 -406 -973 -547 751 -918 863 800 993 49 -972 -104 904 41 -924 328 -834 302 308 267 348 -879 -673 489 -536 189 -855 251 -758 295 965 553 514 177 -416 -364 973 807 523 -74 -916 -557 109 716 -266 727 858 -389 544 968 196 -20 918 -501 -748 155 -752 -104 -67 -394 927 349 -69 535 316 641 830 517 -722 712 -196 -693 -88 156 -444 -616 -886 919 -168 -43 -815 -996 956 -988 -704 -942 -134 617 92 124 -87 367 967 -880 550 768 -670 -16 303 -394 541 -839 -428 -367 752 
-193 -753 -241 737 632 -807 297 951 585 143 731 70 346 -201 -679 453 802 -59 -444 712 -89 -743 -375 -191 -868 -944 747 155 -780 498 -48 185 -155 -965 334 -387 -864 576 -491 -354 458 282 217 11 361 -449 989 907 541 474 -982 914 -922 385 -524 550 -455 385 206 -255 30 -137 -457 697 483 -493 745 178 803 680 795 276 -745 -335 322 98 143 206 403 888 256 509 288 -898 -555 -821 -443 -363 -787 155 744 -325 203 -167 -884 -970 951 -471 688 852 -420 -477 136 634 -300 776 346 134 452 129 196 497 736 
-307 -499 858 -209 529 -967 204 392 -961 622 -664 287 -820 -920 -866 -738 -235 226 546 -187 643 107 -360 731 -844 142 -707 829 -706 -962 741 -466 -848 847 366 104 285 372 915 757 204 -371 951 -235 64 4 291 -257 -411 -660 -642 -844 646 595 263 -523 177 44 894 709 -242 -378 509 548 -250 -29 632 416 -855 -865 -761 402 -96 -731 -121 -895 -37 677 -198 -307 -200 589 700 372 -231 666 -473 -33 869 473 951 -795 516 -961 294 859 -293 687 -526 565 497 -147 487 307 870 -419 862 576 -928 389 -822 488 -535 
803 -530 420 411 588 -657 -965 280 -90 -379 439 -181 -855 217 544 998 427 -19 -856 -731 -399 -885 769 435 -553 6 -698 677 -739 -340 -646 172 -441 682 650 523 -210 -743 -707 557 -979 406 884 -297 -277 -156 692 590 -42 -72 -620 -187 -600 226 -42 -493 -980 -126 -759 -937 132 -826 105 36 -805 652 -547 482 -176 605 998 -660 -222 -957 917 488 340 303 259 876 349 471 119 -683 -258 -856 -338 -554 -660 795 -957 539 680 -9 -12 151 -790 894 -551 -48 845 491 635 917 -614 512 -531 -364 498 601 984 -404 -589 
-586 -305 -477 -280 -167 854 47 -924 78 -924 925 -487 949 49 228 -837 902 -573 827 763 533 332 -990 -292 -477 813 -168 659 290 16 996 163 -321 -493 916 -534 174 -287 -661 -707 104 449 495 -836 -273 861 -66 799 48 -697 436 96 834 -179 -338 -481 -175 878 -763 459 -230 477 -823 -570 -126 86 408 28 -163 924 545 -21 -479 -516 -824 654 313 594 -207 -955 293 749 -403 -70 518 -295 -355 -441 111 281 -531 354 -356 600 243 811 -796 -851 842 670 -334 -642 682 -192 -974 16 163 741 -443 -208 -126 -14 302 
-584 524 615 -800 -492 -287 197 -748 -217 -969 645 -425 -90 954 801 139 -737 417 699 775 444 -166 53 765 -878 -936 -466 -962 -763 -100 -934 -829 37 -719 -734 192 450 -950 -856 -43 -621 -633 -220 559 366 236 218 987 -478 556 885 379 807 527 990 -925 -448 80 564 -251 -91 -627 181 107 161 551 -838 599 -846 -927 566 857 727 -698 104 -488 964 829 -600 -984 -129 -728 309 -290 970 -164 -376 -716 200 -10 955 8 -65 255 -89 -605 888 181 256 -817 235 -967 486 -273 -852 -259 -498 -145 -939 697 957 286 298 
656 -320 696 -578 104 -264 -83 482 172 789 22 601 286 662 252 851 825 996 397 -813 -35 -945 752 -418 947 773 -418 -64 398 119 236 442 -404 417 -701 871 -168 168 -488 -431 706 -417 -357 -576 -1000 289 -702 648 806 -13 15 993 -764 783 291 -708 28 28 -82 234 669 -875 -935 897 -719 -337 143 -452 -148 947 537 874 188 -80 830 -753 297 -555 -499 -253 -983 -119 -113 -24 -243 -145 984 -69 102 -771 258 706 -965 -745 696 877 -641 -820 352 986 79 110 640 444 -461 635 758 -109 627 -625 -258 -707 -841 
-817 -932 -491 178 -535 -606 306 284 -552 297 -564 404 -268 662 -830 -159 670 782 -898 -990 -70 950 -317 853 893 104 -422 -979 -959 -330 183 -840 208 -85 -190 -71 571 -322 -78 9 166 354 -736 -730 -18 -349 899 -716 747 -174 -760 536 520 215 317 -449 -986 -761 -880 986 812 723 783 -554 -167 -648 492 -976 85 -105 867 -362 302 448 -156 704 391 -214 778 -103 852 519 16 217 244 -993 385 -832 -568 -23 -40 -793 -186 -349 605 -209 -707 960 -338 23 -127 -282 9 702 -609 -963 -242 -835 -671 593 -465 781 337 
104 -499 -296 637 901 -212 628 -929 -333 175 378 425 -485 311 -9 -857 -9 754 236 944 -636 -826 94 -333 436 346 -67 -772 -31 -939 296 -831 -335 798 560 287 259 623 -282 456 -449 -89 -519 888 860 614 -919 866 76 416 -858 136 216 -867 40 -256 926 -169 -40 264 -308 549 774 760 107 700 -941 32 -164 955 -807 -644 814 899 -886 -269 835 -763 137 -555 381 -358 -499 905 -254 -711 572 775 -264 821 -279 514 311 415 561 55 -784 -670 510 718 41 126 738 70 -512 740 736 280 369 864 430 103 421 
-665 904 916 -53 100 737 373 -696 824 86 -237 -894 -691 -915 157 -636 -986 -306 -950 -459 -242 -156 -990 -281 -971 826 -266 450 429 189 908 142 -614 438 326 733 -510 594 -261 -113 543 -976 -766 650 -819 834 -779 311 -753 -767 736 -168 -19 345 -13 -613 817 745 742 -677 557 814 656 -467 390 -916 255 -859 841 -472 894 -881 -238 -902 -334 780 618 -785 780 -391 303 613 842 833 826 -58 822 491 81 871 -701 -612 -153 864 -690 602 -209 -652 910 -146 -895 -531 932 324 -972 -99 946 -199 -919 651 -390 588 237 
-846 232 441 -523 -532 -184 -104 561 847 82 592 -362 324 -759 -140 197 777 -124 -927 -862 452 -192 458 620 215 -649 929 483 503 -813 824 162 912 -37 194 -335 793 -511 199 -542 497 -307 -927 -871 528 804 885 -119 -312 -904 -708 -354 -683 1000 -670 139 -223 -580 970 305 -98 819 -245 85 21 -783 846 303 918 572 152 -121 -837 -185 -627 592 427 859 759 383 919 609 -719 27 -604 809 721 646 -976 555 600 -969 358 -964 -357 -442 810 166 -551 -489 249 746 638 -158 -903 61 543 -407 -568 771 118 69 -159 
-986 1000 527 -336 -921 -99 -41 -48 838 -815 -650 -232 327 939 336 -944 879 610 -430 901 -327 -354 -677 -935 945 -443 501 -384 309 450 466 710 539 -181 945 651 -89 362 577 -4 -883 -868 -201 747 242 60 -846 902 55 586 -357 512 114 826 -208 346 153 -340 906 209 281 592 -816 655 -39 74 980 181 744 898 -136 696 209 575 -481 186 60 -948 592 907 -785 957 552 330 -597 59 286 -572 -698 -465 -989 -557 917 120 274 -685 274 291 -589 -561 -61 278 -134 -873 509 -482 379 735 370 126 -845 232 -925 
694 656 -950 655 426 -497 -448 242 -79 -421 163 -834 -577 721 -216 -259 -412 267 854 6 364 -74 362 -785 406 713 -785 309 745 283 153 248 388 306 361 975 -69 -518 -467 -729 488 -711 450 -751 -311 232 76 176 -138 -171 -208 -786 62 53 -480 2 -668 739 -309 -354 -951 -268 1000 -63 257 -918 -434 -341 -53 -657 976 -328 -140 995 972 73 480 854 -64 675 -975 -2 883 -170 462 -499 -428 675 525 223 24 -619 464 -521 -691 262 726 -925 -144 152 227 419 -703 398 -462 782 848 51 969 61 742 187 -154 
-155 -384 839 701 -864 -902 948 -52 -859 -726 436 673 -633 426 970 -817 92 -503 -698 -785 881 75 970 -746 640 -659 -168 567 893 200 548 -450 -491 -106 -817 847 707 -584 -136 236 -557 796 289 -109 909 -794 314 958 384 -418 -194 -461 351 -872 631 128 -744 -886 -259 516 -269 -445 -616 750 -453 96 706 145 -802 9 877 -697 -2 371 -82 960 486 -567 222 345 752 90 971 776 594 412 -506 364 144 -333 -379 156 -736 640 124 892 860 242 -937 346 -389 785 456 -590 -381 200 -187 -14 455 -308 395 -278 -392 
-270 704 -320 186 -810 337 573 294 -132 -919 581 -946 -44 705 -761 -877 640 812 -927 248 -664 929 6 -31 -96 -139 503 929 674 -459 827 467 998 967 -319 130 -430 -602 940 589 -539 667 335 845 -80 -78 -809 -869 -257 678 455 -497 -2 438 635 -597 -101 -475 -754 -154 477 562 -822 405 836 -786 -23 -78 -684 -197 482 -949 -819 -103 689 652 205 633 292 910 -671 -865 165 401 347 -23 184 56 -363 433 -995 158 965 -138 -984 -164 955 33 53 -136 -565 684 815 279 429 -104 -158 -505 777 -706 594 307 -961 
-952 -300 964 503 362 983 -371 -760 -381 -369 300 441 704 520 -470 35 306 -76 -373 -214 -505 -623 -906 -108 252 -35 -193 -97 968 915 624 937 -497 250 997 103 980 716 -376 -121 179 351 175 950 971 -260 -24 -484 -249 697 368 709 -184 -253 -905 208 281 -970 -733 -897 457 273 86 745 143 -639 -812 227 -834 726 163 -837 934 209 -783 631 49 47 -278 -301 -159 270 443 -443 2 807 70 -40 314 -501 -252 203 -672 -689 -71 394 -582 505 997 -252 300 907 -752 27 -89 -59 622 -981 427 -936 -153 200 249 
-115 -910 711 -70 -6 -27 812 -721 154 -851 -736 272 -697 56 435 158 354 -215 -847 609 473 469 -243 839 -204 -658 -180 -881 -828 -688 -932 233 -867 648 759 -407 766 773 -661 -147 -63 -697 494 564 -193 -377 213 835 -825 497 665 565 26 -562 -535 51 472 105 25 554 603 78 -901 929 592 -730 22 -603 -586 159 -557 898 877 -959 49 107 -948 988 154 445 -788 308 670 107 -636 -339 -965 496 -75 324 665 -669 912 690 -390 314 -806 260 -251 819 -960 0 -31 -15 255 337 936 972 -160 -933 -245 304 250 
504 187 522 670 -581 -949 -106 937 -623 483 -945 654 -808 497 -837 -133 -619 -839 -357 621 807 423 -858 180 -219 303 -55 510 -472 -647 -187 -933 -921 -573 260 761 452 874 -713 825 -258 -137 -792 860 561 825 -511 563 61 -721 -206 -239 294 -786 -488 -891 -425 -428 200 274 -937 983 637 829 -299 476 -560 568 262 -631 -6 -547 314 -434 -912 -734 442 201 -343 -171 -965 162 630 588 361 -878 285 81 35 -50 353 -334 -912 -484 -739 557 -915 573 165 364 -890 991 983 862 916 966 -644 283 340 60 -684 -445 -375 
443 427 279 -334 646 -486 443 874 373 -991 619 184 -691 753 -430 -983 900 772 -848 -445 -332 302 7 926 360 140 109 707 -54 -698 -330 50 792 445 -255 510 -582 -323 997 -226 516 984 -748 60 -72 892 -543 502 779 914 449 138 181 -855 750 -485 355 -356 310 -591 655 -728 -517 298 -721 -56 -492 -423 114 886 -370 54 -543 230 -996 -745 -710 542 522 974 -241 -658 997 -780 -967 -8 471 -183 -459 -162 180 529 49 411 160 -964 -841 -234 203 374 -640 -964 -918 -634 -872 953 690 976 792 -204 773 -64 -677 
403 -962 855 -457 -939 -198 498 878 -244 -393 457 936 -913 570 844 718 408 -239 -676 -575 -423 928 -345 -336 769 779 277 -574 -582 347 799 -381 328 17 854 288 -336 865 275 799 982 29 974 976 -970 -235 -711 -771 -133 553 -232 -739 684 615 -514 193 143 797 173 -589 -766 993 -967 -566 253 -18 -270 929 -361 -293 78 998 -977 788 857 606 673 459 -636 -745 228 58 327 -470 -39 129 243 -145 -672 -5 813 325 386 -330 181 938 39 201 619 921 -634 -266 -84 -815 462 -249 756 -59 844 161 -953 -724 538 
-536 -7 684 -556 -549 -120 -617 756 403 191 312 -194 444 -631 -979 756 -663 6 154 -116 276 30 767 -767 -19 427 793 174 997 464 -813 381 -798 -340 35 -816 231 214 63 265 -786 -491 444 -432 -890 48 578 144 54 -654 519 -241 -699 -89 466 459 -1 626 -678 -333 301 73 878 -580 827 444 713 -434 348 -389 -900 -754 -270 282 119 420 -699 155 413 512 -847 -135 -702 112 469 -78 108 -840 635 280 -622 -828 -626 -904 -131 914 -689 766 -375 493 638 178 -583 -60 953 -845 -796 789 228 -754 126 980 -449 
-638 -132 957 127 -586 -778 -222 36 818 -393 -187 108 -929 338 53 -776 -821 452 -277 -49 819 948 846 -387 -143 204 33 78 -351 -45 421 -210 -997 -75 -669 942 438 -714 -134 -323 155 -605 866 -489 989 -510 876 -274 -453 691 441 -991 722 353 -77 595 280 -44 478 -646 -166 154 315 711 -707 720 -32 400 142 -778 429 803 -626 -945 490 805 -261 -182 -235 -125 -687 -583 -504 494 -319 439 803 630 245 973 838 -868 647 516 34 -592 68 -912 304 723 -798 403 -662 -868 941 55 978 -395 -90 566 -73 -180 297 
-168 -143 -625 843 204 -27 611 369 4 -663 -943 -933 -569 624 -104 103 -417 112 830 972 -436 684 860 597 303 867 -552 -955 -699 437 98 -663 293 624 -557 -974 840 -992 -933 98 818 726 -362 788 146 768 -998 -619 -482 -300 802 606 -178 528 -326 191 -790 889 -681 864 -168 797 -766 -825 163 82 -364 -594 4 -597 -101 319 -678 375 51 -715 -973 -920 -868 -560 -744 684 734 971 -84 111 -603 -132 -956 552 582 -103 243 300 -473 -203 -707 -177 914 -361 -435 744 9 106 520 754 686 -161 -824 582 938 -648 -366 
-67 17 911 600 -587 242 -837 688 -578 848 303 -301 -991 926 970 744 -227 249 -209 316 50 -30 -645 -90 -72 -8 -546 -848 -534 -659 -837 20 -393 -324 169 214 86 367 -218 -317 591 423 -103 375 32 529 -873 -242 149 304 812 -749 416 898 785 295 -106 -113 -482 -172 -739 86 -263 -992 184 268 -173 -867 -745 457 -134 -138 -92 -219 1 568 36 -944 285 867 -862 690 333 -151 -301 147 981 -16 -331 -610 -690 -494 -979 421 201 -905 -64 -732 248 864 829 490 909 630 -142 311 -503 -168 -68 -738 420 -463 907 
