25 140
-704 939 -637 -772 -308 -886 -739 -165 -676 -725 32 -684 573 -405 -473 520 974 30 462 -123 897 -164 -979 -36 -912 519 469 337 -331 -322 -303 255 962 848 -277 -471 -566 613 136 -88 -49 -271 711 36 591 65 561 23 -173 360 825 -518 -108 -4 -23 -923 -941 -508 -502 -820 -487 25 -589 -436 -691 -818 49 -691 -863 -961 292 -58 131 375 754 -908 -291 -369 615 414 -923 944 -879 -5 564 -901 -46 107 927 -313 -749 810 -803 -400 54 -572 343 -329 383 274 -28 983 587 -351 202 -144 572 579 318 -971 -730 185 234 243 546 -977 127 219 513 602 989 -667 -794 854 -804 317 -273 443 -264 -946 -582 268 794 668 508 930 -1000 366 -126 -610 
-573 879 -817 182 535 -678 58 953 219 527 -302 -18 959 -648 -812 -846 120 -767 -684 767 688 608 717 -435 323 -490 966 -303 -507 -352 -722 468 304 231 379 -220 -234 -291 739 777 -71 802 707 -42 -24 -655 874 468 776 207 -773 -972 108 850 186 853 619 999 395 206 -183 -583 -762 -502 967 264 945 578 -868 -819 -926 -947 -37 -12 -114 -925 -368 463 722 -392 -741 743 -593 -724 -189 536 -895 400 -109 -264 -91 29 55 -893 -561 520 832 952 838 686 863 -446 -145 528 -206 -399 330 873 -956 -994 664 -400 -671 376 269 296 54 -914 324 812 395 -835 -183 155 -616 88 877 376 -976 344 -338 362 -338 395 -835 -54 927 -372 41 133 
330 582 598 908 394 -544 -412 -507 -442 -93 -930 253 -444 -657 -989 852 886 -758 619 374 226 -819 540 -205 637 -637 -774 921 -428 -149 -823 639 -179 486 -290 -447 -916 963 978 542 -3 -443 -119 381 -544 -900 348 707 -582 -289 -546 85 417 -461 522 787 899 -100 -917 186 -490 7 -979 -287 218 949 810 -77 -456 48 -359 803 491 838 97 975 -462 -939 566 318 925 910 -308 -258 110 976 -27 -233 -582 728 569 -1000 -750 -63 -63 942 527 -888 129 252 -507 -874 -355 719 950 217 525 149 205 943 419 307 -121 -331 -110 -509 -458 -762 431 320 -127 -307 -655 501 900 132 757 -747 -995 741 -978 -60 -603 -616 -332 -99 -85 -651 -337 471 
383 536 381 -604 293 -108 -992 -981 592 218 -812 -465 -301 -959 -193 -230 -870 509 -428 -366 136 73 -515 495 -884 228 -420 -809 -305 -671 712 934 404 -201 -402 471 578 501 20 -717 -583 985 317 -849 -577 -161 645 45 338 -310 -111 961 -974 -229 -458 862 68 -344 -508 -749 -194 -894 -222 -457 201 707 615 -637 -799 131 -985 -880 525 -470 670 -821 504 -227 630 556 559 499 -782 -303 699 -52 816 131 -311 829 -255 -663 145 -296 -405 -845 73 182 725 965 -35 -903 189 -83 156 705 -490 675 337 -543 -620 -437 -259 -418 392 -113 478 -277 -465 630 744 -756 566 -440 530 12 -713 444 -679 500 166 24 -138 -779 -230 491 -29 590 669 57 
-128 -58 333 23 653 205 -587 -274 10 150 501 -583 -256 795 -72 393 888 712 632 840 -922 782 -216 853 122 147 626 575 50 136 740 -7 116 702 -217 -555 936 505 -152 -174 -467 810 938 -635 410 -545 315 -266 -989 -68 -257 263 -748 -725 402 -300 -103 -51 -782 378 760 830 760 -27 588 791 315 -498 -590 324 -860 -91 154 206 911 -45 992 841 -93 -423 -412 1 578 79 484 -501 335 241 143 -30 -915 -827 -383 -301 -558 -816 373 382 -111 -317 265 -690 -196 -34 976 -573 -251 920 -50 802 -661 942 816 -146 64 -30 474 368 -629 -176 23 -490 -965 -835 976 753 542 -641 538 -245 625 -538 481 784 -388 464 991 -826 -196 881 
-704 -959 378 166 771 -741 -823 302 332 800 -294 310 -811 -233 350 953 -190 -977 922 -280 465 -506 545 174 -145 653 -340 -919 431 54 646 36 -595 235 -195 794 394 372 745 699 -665 -721 -448 328 -159 -910 52 -461 -859 -43 849 -597 -555 631 241 -384 144 720 809 486 -897 297 -550 794 672 -378 -912 552 780 -403 -245 -412 24 -690 -393 -495 438 540 521 -515 -329 979 -369 913 357 600 143 -141 -638 946 96 -164 -459 359 95 648 -505 -759 300 -554 -449 -787 -695 340 566 -502 126 -274 24 607 -144 911 455 862 590 945 -778 991 806 -461 -252 -35 116 -703 -726 235 -865 -580 -953 703 360 -968 -243 -385 -523 41 -262 -342 736 167 
961 960 621 -292 441 -368 -522 972 690 -738 -872 -432 -546 -640 -498 130 156 121 298 746 -144 -595 949 871 335 -860 404 -887 -67 -780 -437 -761 417 -954 -542 -580 -925 378 818 475 92 101 -29 305 -3 -731 916 -691 -364 -594 862 -722 187 478 -677 341 -772 14 -446 -983 -242 -453 -21 620 -433 484 819 885 489 -764 624 -7 894 480 703 87 -169 -2 341 -6 -321 -250 310 -874 -921 397 -916 -352 -450 489 958 -877 377 -485 323 221 -300 552 -136 536 -467 906 -319 823 -626 230 480 -378 648 -445 -58 663 45 670 141 -415 9 233 354 887 -631 159 452 -229 -587 958 3 -248 -245 989 171 -163 -148 1 -356 -92 -607 -547 -399 206 
-252 -17 -346 -89 936 813 -818 -810 -24 51 -650 -721 995 237 315 -254 -691 180 -836 577 158 -223 897 897 -929 -706 611 -134 958 701 -381 745 14 744 760 -579 814 119 242 -808 -741 -470 -37 -467 -531 -449 -490 -312 501 433 947 277 -777 -417 -699 -560 211 260 453 163 -573 -661 -969 455 -579 793 -47 -310 -935 520 133 566 -770 705 -481 477 -417 569 -670 836 136 657 -902 765 687 869 -869 885 32 664 -20 -827 986 157 -232 -471 -61 204 283 302 845 163 519 -355 -525 -260 -289 -188 130 6 81 933 -90 945 -358 -809 341 330 -540 -485 -277 892 443 493 -374 -698 -655 285 -946 644 10 -37 587 672 -586 280 -381 135 96 -743 
669 -620 130 855 -160 821 403 -607 -262 502 -17 859 738 -114 782 -900 -565 842 946 585 -40 -898 -946 882 -283 -49 -452 352 434 -486 396 -636 61 419 929 668 387 544 49 -344 -154 929 314 433 -785 -543 707 -112 200 -285 -647 -220 -201 808 915 781 60 -749 267 669 408 -949 285 -965 524 740 47 -467 736 228 975 373 -758 86 598 -296 922 -328 361 572 727 412 90 202 439 -2 382 475 -77 -350 -272 261 -108 831 495 832 485 204 467 -232 288 341 -420 755 233 382 270 -301 -994 302 965 -607 -157 174 93 -693 876 266 -319 -526 -2 -406 -622 345 35 -412 -806 6 -550 168 -320 -918 495 -315 442 186 747 -833 -854 -587 
-284 -602 788 930 765 -305 -12 -645 -79 595 -939 -260 368 -382 -266 687 -220 724 -873 145 475 548 766 705 284 -472 -309 178 868 -587 359 -71 -745 -1 -118 -254 -96 652 -4 -984 48 844 999 -624 160 -170 -858 -88 349 -241 -146 -320 -719 302 267 -473 237 -947 848 -580 801 -106 -545 -81 987 868 696 682 -26 151 901 658 -233 -687 104 193 -886 -30 -991 -115 389 -841 874 -309 -998 -136 840 517 -32 742 564 323 303 383 435 223 919 -16 -137 -89 439 -602 -29 231 -45 943 -909 299 511 108 241 -411 -708 -283 491 828 -313 -753 -873 -688 -24 -342 -610 159 215 -751 142 290 530 -285 -599 -226 -213 347 600 588 -365 669 522 -522 
986 252 -531 473 275 -503 -64 289 459 400 -818 -822 -916 -249 235 -591 693 923 -623 544 883 998 -576 -849 -233 -847 -317 -587 -467 -154 403 -116 -722 457 -981 -618 -956 425 932 -628 -914 872 -474 -434 -425 -36 -446 -485 534 -188 350 607 -198 -909 979 724 188 762 794 759 -1 -865 704 457 -873 -979 603 677 -531 -728 408 688 108 716 -865 266 456 968 226 305 -478 239 428 485 -319 156 894 -271 -768 996 -637 27 -265 565 769 292 281 -373 129 871 -656 676 -343 491 -14 -360 703 -792 -384 -688 605 887 -752 689 -381 -610 529 795 818 -548 935 147 324 -137 -791 -708 -940 -151 -746 -121 716 -369 890 -114 682 245 393 -367 192 -359 
31 -443 -534 -780 -785 15 346 798 632 55 903 899 -133 644 -393 -924 -91 -602 337 936 -126 -910 39 -872 700 131 -537 779 -188 495 -719 -99 876 537 -331 477 -822 -725 129 893 279 -183 -526 403 -425 266 319 -287 -671 -373 -252 -243 944 -725 325 -1 -866 -537 -601 -930 721 483 -341 28 149 -927 93 -226 365 334 513 313 229 -179 -93 262 392 247 822 -652 453 -956 -370 -15 149 -159 -903 84 -515 -361 586 264 333 -358 124 -784 -627 585 -628 298 -251 507 -272 -25 -302 -976 627 478 47 -695 218 226 -246 -757 478 -493 -799 911 653 612 643 -159 318 -569 525 982 975 251 -540 -692 602 492 732 431 -346 586 -684 10 -497 -735 
-320 -533 -321 96 -958 -84 992 645 533 190 -665 -91 -525 -641 84 -564 -941 212 -980 -374 788 855 48 -875 660 -161 -343 650 316 541 -420 806 576 959 401 -141 970 -199 -838 508 -543 -709 745 -668 1 961 98 -465 -575 -54 -600 477 776 221 473 144 661 -159 629 373 612 -910 -872 -333 683 -588 -691 704 -145 -245 -946 14 -238 512 -433 -742 593 762 -515 -226 -666 -750 -52 -362 650 -231 -924 801 -890 -627 305 787 -188 824 483 95 442 -996 -609 367 -35 -707 -557 -423 -268 883 -245 726 -529 95 -901 -851 -126 230 173 -128 486 -754 -292 436 -774 -340 -851 -862 136 -361 198 66 625 842 -117 397 -328 -692 -662 335 576 573 -852 827 
-336 -183 976 54 -219 -180 516 637 -673 331 614 527 727 981 -421 -245 -949 338 424 -348 -329 19 933 -474 -716 553 -645 354 735 209 640 -342 876 551 596 -391 -39 311 -736 -139 340 685 -343 149 -503 -927 15 -962 660 -442 -579 -488 -572 -122 -436 -928 175 -750 801 -622 -647 985 -752 510 -368 282 -7 -198 -755 -943 452 -743 -162 -276 -92 -110 -946 -927 24 -689 74 542 310 165 640 -250 413 -632 912 123 799 788 761 141 68 674 271 206 703 -827 787 -228 -973 -486 -181 -619 -234 -81 836 770 -514 -148 -28 -583 50 -205 -503 939 145 797 -591 -462 917 542 153 789 -753 767 -525 162 -435 -819 -7 266 526 238 484 -77 153 -694 
-39 335 846 981 411 592 -488 -308 662 -657 657 -740 593 -961 -19 -229 -2 -615 958 -100 -833 -613 549 -388 -525 517 459 377 89 597 418 -918 354 -848 923 -741 301 526 303 -927 -353 -377 662 -292 519 580 -939 824 1000 -306 347 119 642 551 985 792 585 87 485 504 982 -897 419 -202 952 718 696 -968 -228 -149 241 -723 -693 -706 -928 951 -850 786 -600 660 885 -285 760 350 73 323 -963 378 506 -966 -636 -730 245 -904 -659 970 -952 -293 -51 289 715 -247 831 410 -781 -733 824 -313 -124 834 196 632 -732 -156 156 -175 -611 -355 496 265 654 -278 -318 -209 975 305 24 844 249 14 -891 811 -909 548 -759 713 279 -273 -57 107 
530 890 -895 91 899 811 593 860 -482 -370 -211 125 805 821 -411 555 518 550 673 883 935 -1000 670 975 621 -115 -12 -194 846 -541 738 421 305 -848 -56 -98 591 -540 -1 -146 585 -885 640 463 980 207 355 -764 -510 -105 -471 675 -224 297 926 489 -210 -602 196 276 963 784 -19 -384 748 878 -766 972 -995 831 -697 -546 264 899 338 273 374 308 719 -402 973 576 423 610 -559 155 -510 -256 730 -617 373 -262 -134 966 -965 -729 695 370 436 901 210 939 459 -965 -487 472 582 -819 -621 932 125 -175 -590 72 -319 -134 -178 225 -841 -512 992 882 545 820 -362 -531 483 -339 -689 -7 877 2 49 539 777 -207 702 -592 -703 -13 
704 136 -805 139 -224 644 359 647 -360 171 -483 145 945 -455 100 -76 -140 90 -530 -814 488 -63 -925 -313 770 -196 297 -729 29 -277 638 862 -234 -132 -254 -843 -854 276 -966 -893 -325 660 -561 -668 -429 -262 2 23 106 -125 -245 49 -599 -75 100 -97 -879 -694 -833 249 626 -460 810 -540 -570 545 -793 -856 -748 23 85 -825 -46 440 -574 916 564 554 982 -53 230 -5 91 -579 960 -179 -204 378 551 -67 -230 -381 969 -766 456 -164 411 300 532 -567 709 712 -117 327 350 286 -386 -370 441 -618 219 660 -14 254 429 860 -485 -771 646 -311 233 -132 372 -175 -14 -635 -839 -544 -899 -415 907 551 -320 -256 493 -560 -47 17 922 -497 
749 -362 656 981 704 -806 79 -927 412 795 192 -831 204 934 934 -750 -969 -421 -26 788 -279 512 -389 -884 742 -822 239 -679 -737 786 203 -604 730 652 -249 304 435 632 -833 440 847 487 -763 -379 -747 416 442 311 882 -308 974 265 -599 291 200 394 478 -139 -580 -115 475 939 -74 -501 -148 955 919 -829 637 -88 -936 -306 -129 -700 487 88 -949 -650 139 291 524 650 -520 -17 313 -834 392 -310 243 649 836 635 -54 521 679 675 957 -948 298 633 -666 992 348 783 -651 535 926 387 -165 438 -561 966 -579 -110 -598 319 -888 232 -998 -706 708 -331 745 937 -254 -437 262 -788 -730 123 904 -801 -4 -515 -497 -823 -659 555 271 316 
-164 -899 78 900 -928 183 -111 -622 -510 553 310 -537 -801 813 526 160 54 -253 770 -463 -385 375 635 534 895 -868 607 900 -434 -951 399 -231 564 931 612 -723 858 35 461 -147 -332 127 -565 -261 -160 -293 632 692 887 -135 -446 144 -229 -902 -851 -789 -698 -389 347 -936 568 20 207 -74 -428 361 -186 -180 -815 -769 -345 780 43 -177 -144 -461 814 770 644 955 742 661 -219 644 -826 -780 298 958 -105 219 209 -917 -86 683 -795 554 639 -114 -881 751 812 84 169 -483 -968 -974 -321 -887 885 275 469 -229 293 453 920 -708 -301 945 9 -527 357 532 -119 221 386 -145 50 -746 38 771 -345 553 -144 751 -689 117 785 -790 883 -604 
-779 782 -545 430 336 165 960 972 474 -754 -289 -218 -629 -705 -689 -24 -663 -431 849 254 -962 -969 405 -429 344 662 -73 -519 -103 893 -484 -218 -556 571 868 836 -135 -367 -64 568 -311 572 -914 662 150 559 424 908 -993 -570 -453 749 -133 361 -735 473 -194 -9 594 736 896 -991 664 -912 873 -495 -728 968 492 193 65 137 297 441 -524 -518 -28 205 963 -406 -215 -734 427 594 408 -645 475 782 -966 -836 -218 163 927 -721 920 -414 395 -345 186 -251 -797 -434 258 630 -107 -508 -861 -471 -706 -92 588 525 699 645 -109 821 -688 -793 -790 -60 -812 -295 -127 -640 -69 -586 139 358 -627 283 -844 -566 -1000 -619 417 69 95 -344 468 270 
464 -588 502 349 174 -62 -153 629 -127 -575 72 -952 155 908 -256 184 98 -682 597 -928 741 241 -808 66 685 -847 -625 -538 -90 -640 282 -113 971 -888 20 719 151 -225 -207 117 805 474 -471 -852 -728 -789 -212 -514 226 716 -658 813 365 -925 74 324 -139 460 53 914 -569 -58 130 466 215 -902 -659 -948 -536 588 -761 495 -6 -902 -234 -468 -628 594 846 -871 361 990 977 439 794 827 -477 -123 -653 -123 -449 801 -642 892 -84 -895 -885 974 -264 -727 -78 -449 57 -424 -956 241 387 691 764 -413 404 749 280 -608 555 538 -910 898 385 -656 946 -938 309 -640 -630 -726 748 -661 -37 -525 -73 743 -549 -643 -287 -118 257 -879 -202 730 
659 127 -723 592 154 -891 363 612 -777 -151 37 940 -485 -568 987 -432 759 -156 35 151 674 -946 21 -216 -176 -532 478 -194 -267 629 -958 -982 754 384 -693 -613 -261 -482 -731 -825 -952 -110 -836 512 -40 -109 -390 441 -881 -447 894 -388 -98 -379 413 -355 -233 378 554 -749 -225 -901 -229 -133 -471 -946 612 715 -33 -808 927 -276 69 -681 -970 -347 -142 501 -502 105 -143 -432 -243 541 -496 122 -40 -552 -252 -561 331 -53 -796 -582 -683 -460 165 833 38 483 519 -798 555 -17 191 -406 646 415 -315 -730 -582 306 75 -669 -385 -434 794 176 -571 35 -502 607 -389 522 686 -307 898 -654 603 -361 -44 867 -459 746 955 -325 -360 -660 -994 52 
625 95 500 -825 75 218 -790 290 -676 -77 183 919 -438 -677 -646 260 529 809 -885 -964 -179 -370 638 33 531 -462 762 -535 466 127 -106 399 -126 -749 -841 -423 -249 -742 -826 378 -759 59 558 -495 -694 -740 -748 347 -685 289 87 596 -767 637 325 -255 -498 206 443 609 -967 179 -211 -609 -251 -344 205 901 -866 -1000 351 -908 356 250 996 376 904 -875 -754 -358 -699 -584 -569 993 -316 -379 132 -400 106 279 -578 539 -24 680 593 -336 59 -775 602 730 -176 732 -133 -596 -150 -552 400 449 -925 -891 -314 450 657 -366 -431 386 -218 -739 508 -6 -724 -245 -541 374 -263 -759 657 585 128 -257 140 -272 -715 -329 -334 -265 -766 505 185 546 
779 -196 -575 315 593 818 107 -426 581 -743 956 721 647 392 -646 195 558 -634 -19 -38 -821 -512 -959 -563 867 104 -951 391 70 -955 327 -17 -323 311 125 441 -87 -128 -914 -471 683 -84 475 737 115 -403 340 -907 -652 952 544 309 -999 -768 828 -694 -46 -910 376 -40 -217 60 -809 818 -432 -62 166 -741 917 941 -789 -674 441 907 200 -220 646 193 877 944 -560 266 151 -325 -793 379 893 45 783 56 287 -744 -242 185 -605 -896 -71 522 -776 -461 -261 998 -60 735 465 19 -346 -805 -323 80 -988 506 -289 -469 -38 -624 -346 -356 -897 -40 -502 848 335 -841 -627 999 137 702 865 -353 46 -249 -965 846 184 -524 545 -220 -983 534 
-202 -425 210 338 694 506 843 -555 -952 71 384 -975 134 -91 981 -148 -692 400 -740 432 428 114 -895 996 150 192 469 765 -569 -515 286 -251 337 -381 -173 -553 -126 -175 754 194 -908 -354 934 -242 -980 469 -630 151 25 848 927 106 387 -296 157 -14 240 -398 -963 524 -577 683 157 829 312 -880 -74 -707 565 739 273 -529 295 -269 -384 -91 -124 263 679 -872 129 383 -10 -557 -519 -676 572 645 -147 472 788 -371 226 729 610 -201 645 842 663 875 -963 441 -244 -250 -561 211 163 951 848 -740 352 176 137 -13 -660 -47 -303 944 887 -419 745 -958 998 897 -226 -152 -414 -227 686 -727 -18 -713 -565 889 934 681 511 -543 492 -395 
