64 109
-335 83 941 -180 -665 548 12 573 -14 -594 -767 45 109 788 -728 190 2 -136 -936 277 -995 -888 651 14 993 264 39 227 236 888 -66 642 -709 -497 421 278 -913 289 -247 -327 179 227 784 -568 233 -34 823 744 -835 -167 719 816 628 656 371 -65 -167 707 262 657 294 -764 -964 200 -717 -270 159 -360 -618 -902 707 -123 -978 672 -753 -186 804 -581 -779 964 276 207 -199 82 -557 311 -430 -16 -443 287 -658 -116 115 -488 657 -877 -896 -190 615 -418 -740 149 879 -59 637 538 -208 181 -267 
747 716 23 666 -692 -777 -937 -56 927 -397 -236 -500 -566 -624 941 -460 22 856 111 -520 -464 454 904 495 378 -215 913 -641 836 516 -117 -471 300 -651 923 -866 104 -381 -348 785 753 -836 -256 329 -557 111 432 690 -23 536 -272 711 -22 -847 -267 -434 266 -347 959 327 -179 -842 -61 867 -135 883 13 -10 -319 784 -721 -946 -654 -255 301 -554 680 175 -525 387 264 -33 -228 758 90 -780 -358 -452 397 775 -549 978 -893 706 957 -445 -42 -557 973 391 -96 -132 -68 180 -912 -310 348 696 888 
-190 164 -348 -65 -726 -8 408 825 -969 624 -572 -774 389 -559 436 397 -381 -115 230 715 -76 -913 602 475 306 512 725 672 170 877 269 -716 65 -464 -256 -856 560 -84 436 637 -413 473 462 355 -807 917 551 -693 854 824 574 -718 -903 459 123 351 -518 -514 -82 239 890 917 26 -6 770 -750 -937 -555 803 -715 581 342 -307 748 348 419 -574 -198 -751 139 127 422 -389 928 715 322 -370 -565 268 784 -688 211 598 -283 537 425 -56 -187 511 669 390 223 -309 -607 -442 202 231 -62 -168 
-892 142 603 -379 -57 816 -47 266 -986 180 591 634 377 -135 80 4 656 419 -862 -395 698 270 50 -404 376 614 961 -106 -621 782 -431 -441 -153 -752 687 -406 -106 570 -688 -484 -851 -459 -532 -500 -66 -680 -475 90 -672 427 -909 891 -588 -762 981 647 -641 -522 773 -530 -232 -191 202 665 382 707 676 -768 -237 596 36 -951 -637 -366 800 -570 227 -509 196 -147 499 73 -407 471 -516 411 -151 873 10 -425 347 -877 -111 -966 -682 -795 766 -615 -545 -443 -847 328 -435 -177 551 86 -742 -239 403 
592 475 149 977 146 -210 496 584 -608 -174 168 -669 -97 374 -129 288 604 644 807 -297 -665 -174 244 563 -71 -692 917 -344 950 -604 904 367 -355 513 459 -942 -218 -840 -211 603 461 -940 977 76 -130 -532 -177 738 494 -730 -543 -17 479 -519 163 -481 677 -292 -157 942 -96 -285 845 890 -712 -941 -737 178 129 919 913 283 -218 425 -437 487 773 428 -402 530 -762 870 650 141 -384 616 -862 114 189 -372 -379 -547 -122 228 -569 949 149 513 604 -368 -284 -460 -207 819 -322 258 -119 259 -30 
700 -943 -543 608 969 -571 570 288 -762 -716 4 -508 167 -314 213 -350 -547 103 374 -962 -123 416 590 410 850 360 298 690 -502 127 581 544 -930 310 -738 303 82 -745 643 475 184 -234 -977 511 -725 501 918 -941 853 981 115 -91 309 463 -725 550 -336 -615 -973 307 662 917 -465 686 -776 -308 248 -962 49 -412 873 -724 974 -673 316 -832 -751 -997 854 -51 41 -707 253 -4 -875 761 -868 -483 131 788 -611 -187 -559 -221 907 -267 -625 -742 395 -701 182 797 287 74 -259 -244 904 -812 650 
993 54 -474 943 -170 757 496 383 470 463 649 -583 -530 -761 -958 -598 -944 518 429 104 310 518 -260 755 451 322 -129 141 706 -205 -174 622 418 -31 204 -404 -964 301 -660 310 -56 -429 993 302 -831 -394 -925 340 995 209 -370 -789 447 -71 -278 -748 895 708 594 -920 -547 238 -78 251 405 -93 164 -702 -856 250 -87 -565 327 559 985 263 469 -655 611 650 82 -926 -464 918 -985 178 -164 -499 -162 851 173 201 700 802 927 960 87 426 -493 -963 -969 754 -642 306 -294 975 141 797 593 
170 -449 -281 226 635 -703 26 -423 -274 20 -125 843 673 -497 -768 872 392 326 -369 617 -923 420 633 -844 -992 829 -439 -126 -166 -329 -982 919 -268 193 -906 584 877 -115 864 -281 747 798 417 358 -570 -553 155 236 890 957 -473 -238 -8 82 973 -351 -725 64 -399 -81 -972 758 -549 993 302 327 -385 -91 -357 -944 325 -259 984 -589 705 709 -841 -747 -167 -657 553 -325 -743 582 -889 -310 -231 -422 916 162 760 -705 547 665 851 -783 -830 -626 221 299 463 530 -525 -840 -747 -490 439 -359 -238 
935 601 -355 -483 -422 96 -856 848 516 -912 -44 644 730 -393 789 182 291 813 800 -809 82 -672 802 825 -222 -436 -341 580 -565 894 -545 228 681 -442 365 771 -892 -199 -145 70 -261 110 188 812 -508 393 -263 731 35 -584 -925 66 -213 583 344 -246 -739 993 -871 -740 -876 -263 -299 -732 38 732 54 952 -80 82 69 -323 -900 -260 688 403 -523 802 -325 -492 -266 164 -943 121 669 -193 161 221 440 -19 -396 731 449 626 220 195 276 -370 -927 -19 103 497 484 539 148 -14 -711 122 -120 
-903 -625 -610 997 165 -471 797 -441 701 268 64 829 795 0 732 133 300 -430 -310 -602 261 -743 941 -185 -86 -916 570 -875 -909 -729 547 264 -814 -514 828 -23 577 -257 795 -449 437 539 -970 27 -340 -59 211 934 -508 -187 894 619 -296 -417 618 -612 -975 -660 786 -46 -321 711 -442 508 511 -835 -268 335 965 173 407 -596 -853 512 -24 5 -106 98 -940 -9 -442 -480 -90 723 -436 236 525 -113 -415 -746 725 -961 -915 -21 182 -933 131 -83 -32 -872 -653 -557 249 -263 -595 -884 254 -890 -441 
973 -139 -948 186 540 127 727 789 -766 187 -566 -318 -365 -491 41 50 124 -474 899 47 -481 -109 52 -850 -627 786 -732 -579 300 -11 -132 -537 999 773 -382 98 -132 687 401 758 -72 -126 864 721 739 262 -427 -709 220 630 10 -614 -917 511 -531 -47 101 847 -469 533 546 -504 -210 48 -422 642 98 238 4 -1 610 489 -486 857 -138 955 -159 -837 -346 -642 -208 -199 828 63 356 -789 783 695 4 175 -925 74 -914 -352 -39 -526 -120 188 418 394 -542 -587 505 822 -597 -853 -613 -901 442 
548 561 -268 417 -339 240 343 912 -436 -976 -882 590 642 -711 207 -192 -691 67 -753 64 191 -257 -324 -138 982 -297 808 -402 -732 -362 -138 166 915 113 383 195 -320 133 476 -217 458 414 -830 833 -415 -762 852 -127 368 -731 372 157 85 832 -916 -438 -359 837 94 558 -224 416 986 -199 468 285 -223 -106 928 -525 -687 948 -215 -163 -319 479 -561 -807 304 -346 123 -105 -813 178 -567 -375 495 383 -677 750 -353 -916 -968 -515 70 636 -245 -639 80 418 258 381 512 -701 -77 -87 -821 756 275 
960 -236 -429 671 -69 7 25 -233 -494 -448 -317 417 -162 -920 -320 457 -589 584 -884 -571 231 -224 -622 232 -246 -490 715 -158 142 -340 689 -831 999 -11 -967 -78 -534 -513 -154 -535 -76 46 -169 -812 -271 974 321 758 -128 586 799 -295 -254 395 898 -851 952 194 -429 674 292 963 254 -72 -826 -633 351 19 12 -23 -377 786 -865 531 853 858 575 -477 -355 195 -986 952 867 -905 842 -421 -901 996 -103 103 -758 -536 -639 -745 -467 737 -272 428 878 466 418 -626 276 -765 -694 -728 427 -797 -58 
-811 -981 80 640 701 986 888 -283 860 -980 124 -657 -27 572 961 -830 448 679 515 -157 -660 -840 -319 -460 972 116 852 -769 578 224 537 -764 -763 -369 -930 -992 -760 464 942 -158 216 956 765 -404 665 148 -7 411 352 -303 667 -724 602 919 -701 573 -979 -480 475 820 857 631 432 498 403 102 -429 633 -662 -642 -435 -253 566 -173 734 -442 -198 41 -83 -776 -317 -789 -320 36 74 897 -388 656 792 -438 -186 106 858 -453 -224 248 -362 927 744 261 -3 999 -644 727 -592 93 6 -235 -818 
-894 545 -14 -257 693 309 37 212 705 -713 15 986 -835 235 -739 -757 -776 875 -1 -74 -109 -329 -32 17 432 -488 -155 -311 -493 -9 -365 999 988 -383 -344 207 635 -398 -435 -461 -807 154 437 -945 -436 64 -971 -353 959 -893 -209 947 16 15 807 715 225 -523 125 -218 -282 -626 998 114 -814 -72 907 832 -864 84 18 232 897 -450 -555 -994 154 662 -319 -351 225 -890 352 -832 -283 -463 103 569 805 990 635 -261 -422 -111 316 316 -709 604 -70 395 711 -253 125 772 -564 -32 71 797 -24 
-380 -473 -158 729 -999 850 550 -159 986 -472 -452 -639 -115 26 386 -759 695 -471 -975 887 -184 234 -718 -683 351 -121 25 -214 812 -141 879 415 -419 811 -710 -505 596 945 142 922 -887 -744 -583 -346 -146 722 704 -170 201 -859 135 -813 202 -742 643 -179 703 662 -167 -83 982 948 -3 -946 -257 793 796 -123 637 4 -167 -31 -194 300 -102 -949 784 -328 -142 932 -491 -485 -28 -828 251 265 422 -21 -78 -911 -291 242 -404 298 102 -342 -913 957 -711 -292 -828 871 -210 -964 633 -211 35 -591 750 
-703 872 -356 261 302 217 -267 -997 672 731 -76 298 992 -870 224 756 820 -290 843 -645 380 -821 -621 -979 -648 -176 -886 222 419 347 556 -239 -489 -582 793 -421 690 -554 566 733 484 857 -661 261 728 -860 -337 -312 -81 -88 70 -269 -272 192 -335 888 -74 536 302 621 -177 -316 996 -580 806 -475 969 167 -369 -81 -364 436 -162 701 891 203 301 156 459 653 -578 151 122 -896 -583 308 673 163 31 823 -642 -104 -328 799 184 297 -955 97 939 883 -919 473 -570 889 839 143 424 798 699 
496 -838 -382 -141 -861 -489 884 495 617 -93 -736 142 -968 1 742 -882 342 -800 392 340 -500 881 -904 -148 -772 140 -411 -105 -853 -350 -452 730 -291 401 812 -258 717 -951 -355 532 -252 389 -394 632 -527 625 762 302 955 -846 858 68 -536 -32 663 942 -489 233 -973 -288 652 -151 122 472 210 -510 -494 -53 -112 -705 486 417 -194 -606 -309 -669 67 963 -424 10 -468 819 -608 -973 -731 -398 -114 -389 527 785 -952 -556 218 262 344 683 -495 -619 775 540 71 -175 601 -799 987 -529 431 -983 -154 
777 99 -110 -125 205 354 -392 -509 -160 -211 534 -30 -436 338 721 635 500 -478 695 564 -395 -856 382 -501 -636 791 426 561 686 -24 354 216 -384 -719 86 -832 483 820 720 -780 -179 -506 -639 -893 -918 780 25 -664 -962 -549 75 195 563 -560 -504 -444 640 941 786 -253 773 42 456 -938 -236 -851 632 197 237 -975 -85 466 -245 -607 988 -471 704 280 742 987 -32 244 227 437 625 376 -396 145 -162 734 -849 -968 -304 -653 -15 267 215 409 -65 934 -65 630 810 186 -435 984 -413 -763 -713 
919 -971 -947 -311 -474 -122 395 652 -573 -774 592 996 294 -466 938 -176 -616 403 -263 571 160 795 -37 -371 -518 228 457 -245 -261 -223 -535 -123 985 -247 -308 -388 -311 -866 518 -416 -642 137 695 588 -169 -581 54 844 -563 152 -263 -704 896 953 944 926 728 839 783 406 -341 -54 588 666 28 -812 46 -258 471 -388 -179 -846 -302 863 157 -281 -597 628 768 -996 357 725 -527 -878 811 -888 -467 847 230 268 69 -185 511 243 -432 336 573 796 -945 727 871 -874 510 -542 -453 27 230 33 411 
-313 449 -895 552 553 -631 -37 549 536 -376 -805 -901 -904 987 -3 485 908 -449 -597 -653 -350 -930 -312 -77 722 -114 -222 972 561 73 -732 534 -278 372 616 639 576 70 -935 126 280 -618 39 463 877 -750 39 -726 529 -494 -773 275 -299 -753 -470 -627 83 -504 -647 -83 668 658 533 865 157 211 446 362 -433 -793 933 -608 543 908 988 -547 59 -926 311 -230 165 559 -69 -978 497 785 -601 920 820 711 73 -809 970 -45 161 2 -333 -376 695 -295 866 -659 -561 -798 742 700 -627 225 -1 
-657 379 25 620 197 879 313 251 848 -283 439 222 680 149 790 420 643 851 -763 -784 156 -972 -529 944 2 134 94 770 -324 -263 -720 10 753 593 -878 -333 -608 395 -593 -691 596 -212 926 99 608 -257 -425 177 -688 -160 166 -467 -68 29 572 927 -546 -887 174 -746 -573 128 -315 484 -60 -307 -327 751 350 -688 -784 285 489 621 -491 457 -293 58 56 -646 977 83 -463 -485 -518 -909 -417 37 954 868 -258 158 -702 828 616 609 -337 -574 344 556 441 -852 299 -228 85 198 741 -186 -59 
802 -312 951 518 -409 -897 117 -501 -391 479 -99 10 -83 373 724 -53 -107 348 -450 -753 -58 741 939 -863 -171 604 -652 -131 -139 846 436 848 -918 35 -571 117 -405 71 988 912 834 473 -294 -261 517 82 -212 985 137 292 1 661 -787 -1 819 277 -880 410 -995 789 -832 -582 -223 54 275 -38 -737 -564 845 -719 -550 -429 -448 533 -42 8 652 -990 183 37 943 905 -892 -299 656 498 438 538 -717 480 -324 -967 -798 -103 -350 659 72 778 38 596 538 301 16 -161 698 -80 155 -786 654 
235 909 -800 250 -479 -681 -840 277 -507 224 -58 -937 -599 476 286 149 249 321 355 97 -295 -483 -174 953 -169 940 -308 193 1 -193 408 -257 259 -996 -237 -28 -296 -113 -716 -902 245 391 -473 -494 -835 254 -361 330 942 870 967 -510 25 -258 419 -283 224 -825 991 598 -403 396 -183 -638 -924 323 -900 121 750 -912 800 82 982 150 -6 735 -258 143 -330 238 802 858 786 416 597 1000 -60 -637 25 -344 -242 145 449 360 623 -660 -502 -78 -887 -207 -552 -430 691 -781 -505 -276 300 681 981 
-648 711 -249 -486 344 60 -1 664 639 -975 806 654 -81 831 -60 -851 0 -875 816 -742 870 987 111 -511 738 -158 890 190 -219 350 77 203 183 -402 721 987 -458 716 -624 -613 467 -931 832 -505 669 -521 898 376 -102 653 123 -851 -147 -402 -808 -56 -261 849 54 796 70 112 -720 575 533 756 309 276 375 -69 127 -230 840 833 594 -385 999 -728 533 243 642 667 62 403 -69 197 555 327 486 -397 327 -442 90 -106 247 -375 -365 -940 -874 426 435 -594 548 -405 581 -581 -275 -186 968 
49 912 104 -142 -393 -400 544 -957 -675 -83 -928 -528 602 18 394 -482 868 -721 -82 528 44 438 756 -941 98 739 833 -158 -35 642 -163 263 607 -977 -221 80 -938 -779 -906 -830 136 684 706 204 925 704 -437 456 561 -563 733 -311 478 -327 -708 617 651 -819 -694 -541 221 683 -329 -785 183 -945 65 -514 622 -880 -881 500 -863 708 926 -715 690 -698 -592 310 -379 696 207 -842 858 -295 926 -193 503 416 -528 -586 -242 63 -94 -309 -613 950 -25 651 -543 -302 -404 876 -165 -293 -396 573 -134 
685 -144 818 510 928 365 -175 -417 200 -955 325 84 763 632 789 517 587 241 -701 328 60 -811 -764 486 630 -721 -8 -257 -222 210 -522 959 -101 -395 2 -955 156 -33 -873 -596 -185 -821 -851 412 762 -593 958 -467 -689 138 -407 378 -499 -421 -66 -596 779 -591 -91 -403 -561 -336 543 -17 70 672 931 -845 -840 -182 567 -949 884 156 -768 -819 -687 -150 -449 -132 -117 -864 -375 -468 553 336 95 -766 -875 -987 -209 854 -444 738 -284 -583 -747 536 -530 -246 778 91 878 -810 970 62 750 -569 610 
136 390 -334 247 -543 -484 896 -752 -232 317 302 -963 886 1 -536 471 -459 387 -52 997 235 682 -252 -592 786 390 -174 783 -453 726 618 821 -110 -866 -86 -394 548 -399 -123 491 -47 927 371 -623 303 -550 -249 -282 -168 -682 696 -992 -511 53 -997 -498 921 -943 676 132 -386 -76 -306 -423 -568 -812 28 -816 190 -728 245 510 -709 -195 652 795 387 -364 320 577 4 -302 196 -557 613 -505 -595 -969 544 729 797 -22 -551 700 718 987 911 748 135 158 294 -81 204 671 -148 406 -785 399 -798 
-337 -422 -940 -172 -440 838 -928 616 762 407 -2 281 402 -925 991 379 -768 -731 -599 95 -983 -407 301 -725 404 747 -23 -390 691 -436 -708 -74 264 244 168 413 -33 198 -911 -792 -718 888 -451 922 -771 -38 278 224 593 947 762 369 163 -266 -988 -845 605 -63 271 766 891 -176 -427 454 -13 583 340 -69 -31 -443 475 310 187 525 -397 -760 432 406 -944 -28 646 -631 348 -847 -866 -940 -495 155 -970 -465 220 526 -133 166 20 982 492 545 -415 -962 -455 578 156 747 -476 531 157 17 298 
290 968 -896 201 370 -400 -914 704 -497 4 -633 659 182 -753 -334 -690 -879 -195 631 508 -978 166 -590 524 499 -359 115 -40 -701 -797 186 66 -893 309 488 257 -955 -14 -274 -921 -749 894 -294 -230 -22 18 546 890 -189 348 -147 720 -109 -537 -50 374 -919 730 -493 -726 -748 979 -328 -900 60 -873 -6 -643 -183 628 832 -315 -394 385 664 808 255 -800 968 -214 -545 734 -963 -455 -704 -74 -724 11 215 120 940 320 431 -118 641 -710 -365 157 634 532 357 -300 -415 -176 -185 -172 717 -836 -173 
800 -177 349 -47 61 -997 868 -304 -693 958 -261 -305 -199 270 679 193 -776 -742 -498 203 333 427 -245 843 573 -186 811 -481 -845 703 -291 -931 -822 388 -863 -734 -574 810 858 -91 -818 -388 960 -235 -801 -718 -246 -478 27 -865 348 931 292 856 -97 -369 -497 -410 -426 442 94 -148 742 -914 -343 -364 -713 -580 470 -707 -705 816 737 980 463 -545 568 -47 -484 596 -426 74 -869 -799 922 -553 119 969 109 83 -719 -805 -370 933 -587 -79 976 297 -908 451 -528 -658 -386 365 715 -301 -720 -415 919 
523 -970 640 472 -208 935 -670 -942 579 -67 959 -897 884 -796 648 -322 -164 885 139 -745 696 165 436 113 -565 -490 -464 377 -152 717 606 3 614 -865 -709 -129 -466 -1000 710 500 -595 619 -975 585 573 295 560 642 -814 292 -164 0 174 -719 435 889 84 742 35 -879 -849 -657 350 -143 13 -672 -464 -805 -603 885 954 545 -884 449 -847 -298 -440 -434 -854 955 460 -421 198 -608 896 337 811 -965 870 97 -494 711 -802 166 616 -627 -917 255 -202 -972 698 -842 -845 472 520 -944 -560 844 617 
965 -110 -416 524 -59 -339 -87 -891 -12 -147 302 -64 196 -394 -871 428 -842 -18 -427 75 -747 766 694 99 -599 123 134 -581 880 508 344 313 763 -626 -817 325 -406 96 -594 7 -668 209 -665 456 18 -977 -896 -492 -178 -682 -31 442 261 -235 207 -391 959 -776 -46 655 -611 -610 -746 -746 -433 -500 609 -458 7 79 432 -678 85 383 -156 -852 -984 -438 -523 -547 705 -876 -170 590 725 74 -51 -470 248 164 -657 629 -82 -173 -145 197 -433 420 -471 -60 -845 -884 -521 172 -999 897 -832 -114 276 
-217 -884 809 -133 308 -342 850 800 472 -849 -511 -891 -419 -84 535 985 -812 875 874 127 632 2 164 324 676 -304 -248 -910 66 -8 211 195 -701 -639 59 393 -261 -694 -263 -628 288 332 264 -179 -206 -63 -511 123 -126 633 543 -704 482 276 223 125 -73 -576 -476 -869 -472 -224 -920 -379 653 73 859 -877 961 -701 -701 -65 -319 -725 -635 -686 25 -238 -248 146 913 -262 -890 970 -683 151 -379 121 -59 309 163 569 605 652 514 -350 -226 819 330 -330 200 -740 750 595 22 593 597 -638 -690 
-254 605 -350 195 325 610 -442 -97 922 280 -857 507 587 -951 979 -480 -941 -223 -281 -320 813 -128 983 29 102 -956 -965 -698 322 428 -782 543 997 913 525 408 81 -450 -234 -325 -54 -674 543 -893 -598 -734 385 944 511 94 986 960 -694 405 -29 -130 207 -779 55 -465 98 178 -324 -119 784 -116 432 904 -566 -898 817 937 -743 -696 -39 -988 -359 -128 -623 947 -818 79 645 113 9 508 -971 -118 -677 54 -439 401 -322 558 -469 -45 -173 -995 -273 875 453 -27 -905 -904 -899 482 846 370 295 
-959 -948 -98 600 512 -759 -258 -527 -606 48 999 -392 -346 -238 -229 553 -558 -658 1000 -824 141 680 972 104 603 -927 869 -605 -191 -697 -358 -549 929 -247 977 -435 908 -866 902 -726 -684 -608 56 481 170 323 -259 -2 17 384 12 418 -20 581 -216 629 -796 -199 -592 110 -60 993 265 327 -331 884 -221 -400 734 -159 -363 776 -195 -218 158 745 770 7 -778 884 462 248 713 -452 -932 -856 53 176 -112 -96 -403 158 -472 -4 694 611 152 -696 -693 -94 449 672 -398 -72 126 521 379 702 -753 
-649 -142 826 -137 643 270 -618 -917 -365 -763 242 111 -442 616 -195 495 -489 404 143 842 -355 -449 368 -816 520 98 679 -202 -115 -521 -287 961 728 -845 12 86 9 -657 622 914 950 681 -532 -152 -743 -851 354 75 672 -761 -440 -21 760 -250 548 343 -966 -471 -393 957 -494 -597 505 -141 -985 842 653 -446 -551 231 -434 -204 -518 800 -493 -143 -532 -175 999 129 -201 360 -4 659 973 887 694 547 993 12 970 708 -643 263 -551 -963 543 170 918 -974 448 981 606 -742 828 164 -192 -195 173 
35 42 -424 -625 -556 16 -594 -706 36 -748 282 -361 -740 109 197 -800 -784 -958 719 -467 873 -74 -565 -844 214 184 -848 591 742 215 -111 358 -532 -333 315 -175 195 -618 266 -262 -537 -814 455 -753 314 336 -222 -537 428 794 -470 -260 686 -448 399 222 -638 421 591 -700 677 -323 661 530 -318 744 509 -794 -775 48 780 972 -912 634 -730 730 -812 82 196 755 -349 508 -246 -622 912 910 -189 -472 947 835 602 -994 86 477 -181 814 -684 374 -488 281 861 -750 453 -860 580 289 -908 927 775 
64 -303 758 -254 602 -667 -315 969 -747 -183 191 -884 332 -432 -566 -634 66 177 -547 931 -440 775 144 -207 285 768 -314 123 -266 -78 894 -453 -774 -977 -578 267 352 986 984 -831 730 325 -485 316 -594 -446 -637 -319 992 893 -957 -583 -37 -830 986 368 -666 724 931 -260 -257 -716 -905 354 107 132 193 372 -167 -141 -943 -739 575 -219 27 368 501 -428 -730 -81 -36 -151 -335 945 -891 -148 169 968 148 526 -866 41 128 386 -437 -496 -662 -76 -156 -758 -410 -182 488 278 924 750 -608 312 101 
420 -600 700 84 -869 -574 -845 -732 672 -452 -991 643 -199 175 -39 -825 -922 -465 -674 19 989 -321 -763 818 -280 -129 26 768 538 371 -582 -374 520 -697 -274 391 986 -434 318 -98 395 284 426 846 -588 -167 213 654 364 -462 -385 388 403 -201 611 173 -627 -557 -769 214 177 602 403 -533 -432 -393 -920 -120 -280 -138 -530 -692 983 70 -444 812 606 -40 325 -182 -105 756 -388 -260 925 -726 -839 912 81 -900 -21 -533 -5 618 -906 -965 918 771 -529 922 982 547 -174 562 751 -626 -10 -7 269 
736 -8 -620 155 -3 -155 -954 -934 308 -915 -757 -411 143 -306 -441 857 -22 -756 298 501 -616 157 -958 193 -470 -471 416 178 -593 -92 71 -192 626 908 596 320 864 388 -477 -982 8 434 -850 -168 -84 -302 488 -646 558 350 251 -741 397 550 -459 -952 -39 641 984 -421 699 -67 -578 -529 219 720 857 444 -673 370 -956 -720 328 -690 -857 -695 962 127 26 -993 896 -986 993 -834 -941 356 474 -834 -705 187 491 -44 832 -935 -815 428 -994 902 328 993 628 305 641 -140 688 638 484 -900 775 
-433 -472 832 785 252 651 -285 893 -753 -591 533 542 -467 773 -28 -714 -81 116 -80 -807 -494 517 -525 133 648 795 934 541 239 373 616 -113 507 463 -25 810 813 -290 598 -648 -171 611 -522 280 735 333 814 388 -710 911 -390 351 -810 485 -688 257 -57 -35 -507 314 -652 115 583 288 798 916 90 -469 359 -143 -671 457 -476 37 194 -456 -85 101 103 298 -861 -525 -662 351 -716 690 371 -80 -759 -823 -9 511 252 463 403 820 600 -576 -68 641 -393 582 405 593 406 -24 187 -491 -626 
-124 94 -466 -346 90 796 767 687 -804 -938 679 486 -39 27 -435 222 484 89 -645 930 -910 957 -288 953 -928 741 548 618 -247 976 508 -165 -401 -285 874 375 364 -87 165 421 -631 606 712 -637 592 -667 960 494 -890 44 -411 -111 562 814 -892 -558 720 26 -810 -984 -412 68 -259 -188 855 -737 613 566 739 746 -874 151 -912 834 -500 -797 -252 210 515 515 622 486 595 -7 457 -61 -221 80 662 -625 905 749 -883 -18 335 -661 -93 587 764 569 -922 -497 750 -119 -250 -253 -640 451 -743 
216 304 -389 -727 426 161 -852 -959 -714 -886 125 -440 936 -57 920 -554 274 -885 -735 500 285 -347 197 18 206 -122 -685 -542 -947 -541 179 399 -170 621 -373 418 -527 -617 -152 298 791 -763 379 -766 779 -1000 954 -246 61 855 -954 314 561 -54 -808 -982 -278 380 758 570 -379 -490 -250 1000 519 336 728 -435 714 751 550 996 888 -626 -114 974 -916 315 -974 -941 664 -726 -809 144 12 75 -639 400 -70 139 -313 311 915 -824 -6 734 367 -943 -851 441 485 -671 -687 640 934 234 77 -599 688 
148 -912 707 -308 -241 30 -772 -536 66 -53 -771 234 -974 -584 594 -999 -738 -530 569 463 631 -990 -5 472 -398 -923 967 994 -492 -614 -983 -175 -868 679 838 137 932 -441 242 339 -378 -582 -29 -750 143 704 273 935 140 -678 563 -620 -513 980 707 964 -721 716 697 -845 464 -686 -403 337 -952 107 -18 545 -878 622 384 -78 71 360 -891 171 53 966 816 -560 -11 370 -474 135 -216 -983 509 958 -929 -16 -238 239 461 -114 766 924 985 -567 804 362 343 66 29 -869 659 835 929 -842 447 
275 508 -717 927 594 718 -104 -957 939 88 -574 954 -966 773 194 -582 -742 -741 19 -681 999 -894 -853 182 825 -938 794 -750 668 -571 -747 813 226 935 -909 867 -686 53 885 -67 382 949 825 -100 -404 982 -673 -288 -512 -482 979 -854 182 -1000 241 250 -39 -621 -82 385 -280 -895 804 670 36 878 499 -510 706 -9 -684 326 794 353 205 -694 -869 -272 693 550 -946 -683 608 440 -632 -277 -335 -630 953 89 -392 -545 -489 -88 79 -281 -690 -564 -829 95 -696 -930 -932 753 891 -776 -827 748 149 
-897 679 -772 -49 594 -712 -300 -901 -150 -404 -505 749 819 -781 -25 -589 -712 -163 -902 -821 -343 -805 1000 314 -921 -389 -392 -145 349 920 -482 -826 258 -89 -511 223 -100 -90 561 428 189 -199 10 349 -867 -377 -789 236 -660 -12 -352 466 -818 316 -87 61 -453 -396 91 555 -996 -53 -363 -973 -449 987 430 -859 -889 -55 299 873 -764 378 -766 -999 177 947 334 788 634 -77 593 -107 347 13 -177 689 -490 836 713 -453 -804 -488 -761 -201 770 623 70 586 657 949 -168 -554 279 78 939 -867 -132 
136 479 -664 108 -971 -155 -744 289 -45 967 148 -778 943 -53 936 -950 244 485 878 -685 -45 -580 -654 172 -850 -506 -983 973 590 191 349 -495 342 357 -300 -203 163 -494 -983 249 -64 -41 -826 675 996 675 -308 -924 -848 544 -194 424 -187 -507 -967 -924 467 972 -245 704 -54 -259 932 -623 560 855 -331 622 84 811 271 299 -511 -40 -481 433 839 -15 761 673 -115 769 -362 -995 -984 -941 -192 415 -350 184 -386 -852 566 -928 -38 -267 606 781 -874 947 -180 628 690 -564 -971 648 475 923 959 
449 95 817 583 680 -566 -508 -126 -466 -994 -107 -336 738 -497 -544 -35 -582 445 384 110 -667 915 -421 964 -575 802 -725 814 -865 273 -619 531 -568 -820 363 -202 847 291 -659 793 909 117 550 581 -199 757 -588 384 201 386 941 620 137 -423 -915 -178 727 170 401 462 369 -476 -241 730 -329 -826 266 -715 823 233 -535 602 -597 634 267 320 -51 -19 113 -700 -754 -608 309 708 113 34 -335 308 240 -114 -15 736 -541 -834 777 486 -532 887 -172 -193 -752 839 72 964 997 253 356 853 -550 
-660 -974 913 -210 -979 839 0 -324 678 -120 -177 -34 160 131 551 425 -239 330 -168 26 911 -375 567 -633 286 726 -438 625 693 -251 711 369 -264 -353 984 681 600 -545 752 816 -5 211 -34 -684 373 -895 125 -148 844 581 741 728 -237 -298 558 201 794 472 -648 -282 160 -364 439 544 913 -908 -966 -210 -150 465 -947 389 218 528 -350 375 777 478 930 -296 -62 -778 550 -73 205 927 173 221 -629 53 672 456 -564 -764 -931 -966 -139 433 -258 791 958 -696 813 550 -728 650 763 -85 -400 
440 332 -284 673 -966 982 909 -626 -143 -599 660 213 728 897 4 -70 765 55 -947 -361 -103 -297 276 -156 -286 99 -641 -775 -779 -85 173 846 -774 -103 928 692 -767 587 -888 -373 111 -186 -464 -651 -607 948 796 -705 -98 -645 632 -14 218 680 -126 53 306 -364 -736 970 654 -859 924 -17 -963 166 539 229 -998 -915 579 852 -589 141 -930 -118 -550 -995 -602 -948 292 816 -417 31 -40 -511 -254 234 28 536 13 362 969 564 -739 -847 -201 -982 705 219 402 350 511 409 -515 184 -867 -81 145 
295 100 843 674 -67 297 442 136 -759 -7 -951 -459 744 -467 816 -320 494 254 -180 -539 305 -407 263 -946 253 855 -923 253 -125 57 -589 470 959 -604 -625 -972 -333 -824 362 454 906 -454 -20 -587 -446 210 -94 616 900 -598 -304 283 -407 -966 -30 -729 -642 330 -965 197 -587 -806 149 -905 901 700 -146 -649 -24 -397 297 631 -625 930 290 -210 139 565 515 -583 817 -512 98 392 835 -501 843 491 499 -302 928 595 -142 -925 588 886 -678 -340 -944 546 977 -398 -399 -507 552 198 -57 -918 -949 
-663 -260 -628 -545 186 -311 88 386 824 997 -609 -546 -879 -769 410 365 -912 633 881 -829 -91 -994 568 -525 855 -561 924 259 -167 -677 -55 252 -354 347 917 -726 86 716 68 -132 445 -104 -147 7 195 -156 -628 -20 -6 799 -975 932 -974 -143 -88 215 -280 -972 -194 997 -611 -666 82 -208 -221 607 -585 790 74 894 -484 368 998 -934 -931 702 893 947 -266 562 -864 74 -431 728 53 988 -802 65 618 -26 265 -666 -943 -843 -503 134 -257 -903 -663 443 655 348 -820 -446 -502 -724 790 -981 -107 
290 -819 -518 -907 516 341 -827 -300 472 -747 314 626 -146 436 -108 236 401 -465 -282 -638 -171 -744 986 211 251 -273 -162 -587 448 -238 -92 643 677 110 -294 -215 427 218 287 881 -998 -82 -581 837 -331 702 -96 -385 -504 3 765 -730 -385 -868 738 511 -316 320 -198 -40 299 -681 -780 66 924 744 -46 37 871 970 -569 134 539 312 -405 -565 269 615 439 84 -68 263 973 -825 881 210 -355 -446 -362 -575 111 128 -200 709 674 358 -937 228 -522 21 886 256 -859 572 13 -841 -540 -398 -990 
467 330 -518 546 -607 -561 965 845 758 -559 -571 -773 -162 730 -495 -664 960 582 -381 828 310 -548 -357 45 -334 -749 -380 -736 -9 723 321 -630 873 98 -70 -402 85 -70 111 993 909 676 -398 938 540 490 518 -375 -929 -310 988 620 -731 771 974 -529 559 152 343 859 488 -248 656 -395 214 -26 -936 714 -49 698 -887 -420 -185 67 243 -21 -692 472 -628 140 142 730 -851 -102 304 350 640 -809 776 -17 17 -434 4 -380 -235 -476 -158 483 -601 -267 580 44 40 -370 749 -582 -180 873 244 
568 230 379 -745 -580 182 -721 132 -845 872 -962 -595 -819 -913 236 134 -221 358 516 156 -828 -846 -512 -566 372 971 -645 255 309 -839 -911 481 335 -49 -302 -570 98 377 -398 -447 468 -343 825 -460 -968 365 853 -898 874 177 -150 550 307 753 51 -120 306 27 -989 -797 849 -540 760 -998 27 -930 144 426 745 843 873 925 -613 571 -849 -517 896 -977 709 935 -497 355 618 114 801 -225 -608 -859 -560 -614 605 628 218 -127 -191 870 -558 792 224 -731 -458 440 -23 -72 445 746 466 356 -303 
312 -528 -915 -603 -892 937 191 -463 91 -246 303 -511 881 -772 226 245 -727 53 677 864 -979 581 -307 -565 -877 969 453 -232 -950 -391 759 -975 289 -324 -583 -421 -416 -667 9 909 -500 765 -117 -446 -903 193 -874 -343 209 736 33 -846 -551 447 86 441 345 -161 -871 -832 -877 -102 803 -141 227 -300 -96 -706 885 -701 -470 -737 -594 956 434 -156 161 -620 839 288 -896 407 605 10 -102 95 379 -969 589 26 521 -44 54 -714 26 -365 -273 -666 -193 -890 -747 -26 151 2 -220 731 496 -654 -984 
765 -354 -869 299 -176 834 74 -118 494 -271 -70 -283 807 866 339 -321 -308 -282 47 -345 -458 786 -961 -300 299 -158 -564 79 362 -63 429 -171 -868 -238 880 -131 411 -359 -334 -15 -376 357 -642 -726 549 -548 -892 20 -634 642 -701 834 194 -843 611 -854 509 806 -223 49 896 -543 -708 547 824 -265 494 867 -959 -285 596 760 718 808 -200 -372 -373 666 134 -270 562 -608 -133 945 896 632 368 -880 717 -143 -576 -354 -668 -787 504 167 -692 684 377 -934 -658 -526 -638 441 -323 122 -819 -26 144 
145 -706 -150 -736 131 191 176 32 738 -438 900 513 -196 -706 554 171 -361 -152 509 -804 534 -199 558 352 -876 -484 156 477 50 -212 7 -672 -111 -374 -242 -907 813 195 -624 706 -399 76 939 106 -52 122 -172 859 344 -259 -606 -758 -899 -770 -771 581 607 611 -420 -932 -809 -163 -54 541 538 183 814 875 360 794 -753 213 -650 844 -182 23 -573 -331 270 -925 417 774 614 -504 284 756 795 912 -404 -274 -996 875 -246 -959 408 -756 -629 -677 -909 456 -166 995 -739 -569 -809 355 -789 834 -821 
-265 573 -775 692 -67 587 -976 -685 91 -125 44 -30 -150 -98 811 -111 398 608 -765 968 -458 484 688 -962 531 -328 -706 -574 -530 612 -578 619 617 -343 -659 276 -8 750 759 9 -969 -69 -210 485 -689 -912 -352 230 -625 -617 -912 -720 585 112 -721 875 -590 710 543 -515 549 85 929 931 -505 -774 57 -418 722 494 224 -173 -652 191 8 -87 335 26 -941 -163 -895 495 -295 -173 -570 -452 728 -363 -125 -890 186 -402 -645 363 -270 889 617 261 -731 -28 23 415 555 -126 -529 -936 846 -221 840 
-445 961 197 50 -738 734 -28 930 -368 298 912 873 -672 842 343 -758 -898 -847 -838 -472 863 -855 -476 151 401 28 -141 -785 421 475 396 534 -5 472 -541 907 -561 809 430 -423 -583 317 -947 -967 607 -746 -880 584 -988 -269 663 -982 -794 296 -687 849 220 -32 -397 903 924 228 399 267 115 134 185 -81 -484 259 67 547 -24 -957 -788 -85 -935 -598 61 464 -188 -873 938 -775 -151 268 738 39 200 942 908 886 64 220 978 -468 161 -636 -27 -109 -79 47 907 -629 553 193 832 819 -554 
377 61 289 24 -358 413 -896 92 -294 33 617 -247 416 812 693 -390 931 56 -914 235 -662 856 -976 -833 974 414 69 1000 157 -329 544 187 575 338 737 -381 -815 -759 325 -628 -687 -941 -110 809 -186 -340 207 -807 208 690 -884 -79 695 -714 -224 -570 408 -216 -734 407 0 -972 939 25 681 -305 362 -987 -324 -165 610 -30 -258 745 -918 -233 181 515 -814 -361 260 548 680 706 561 836 -774 788 -893 -121 -200 -36 -420 -620 898 -921 -348 133 978 -974 345 753 -299 -745 257 40 702 380 -143 
-506 -988 739 -654 -1 -767 641 934 946 327 176 510 -714 -502 -650 984 982 746 -956 514 663 558 748 958 95 -146 -301 -238 -947 -654 -125 -595 518 620 -701 159 -25 246 420 -427 -778 -716 761 644 887 -201 -832 -647 -313 861 -296 442 -608 -293 -599 386 -531 -751 -568 -102 241 307 790 55 722 363 813 -957 -634 -851 -238 437 664 -578 576 -407 401 468 117 -305 901 -340 -750 347 -455 519 64 714 -420 359 -517 732 576 -339 538 -390 -165 629 265 -263 47 808 -729 -398 834 868 -724 308 623 
289 895 989 -210 -832 -4 313 -663 -815 -702 432 -27 899 619 -971 576 -134 -205 1000 -746 -101 -389 16 48 -986 -616 -266 671 -461 -109 759 33 -526 -350 730 -366 794 181 583 -872 -454 305 -178 -811 384 235 538 610 322 314 239 -184 522 -720 529 -617 -384 89 -872 -1 -186 -680 778 -981 7 978 803 -594 -931 745 289 579 275 681 637 942 376 291 -726 192 786 841 -581 564 857 -265 846 879 -589 -677 -943 -738 -713 -549 -798 -386 -591 25 -901 -653 -458 -581 -401 -564 647 -982 12 550 888 
